-9.031363708794202184e-08
-9.073230554573009572e-08
-9.194865945923498497e-08
-9.360320327988724378e-08
-9.422431810445193340e-08
-9.508158342541822150e-08
-9.688277979753436717e-08
-9.790962655835668196e-08
-9.850436350456288861e-08
-1.001948121105175481e-07
-1.016959002409500171e-07
-1.022541556207736818e-07
-1.036335762590882250e-07
-1.055118692859153361e-07
-1.063043887356966749e-07
-1.073129803543845923e-07
-1.093403696440409193e-07
-1.105771256741037082e-07
-1.113256826370110998e-07
-1.132311593980778617e-07
-1.149766598631545965e-07
-1.157095898030933115e-07
-1.172877219808776838e-07
-1.194316834022525273e-07
-1.204354062437871166e-07
-1.216324635662574325e-07
-1.239295037342588176e-07
-1.254209669050072481e-07
-1.263634872909033520e-07
-1.285283818366332920e-07
-1.305675809282761852e-07
-1.315199465256069114e-07
-1.333423225288974644e-07
-1.358046674610791560e-07
-1.370701639245003620e-07
-1.385034684543905167e-07
-1.411251856903971240e-07
-1.429281188732601303e-07
-1.441163775941828220e-07
-1.465974125328066579e-07
-1.489927640358207127e-07
-1.502222057627486519e-07
-1.523475507462062919e-07
-1.551953169013090608e-07
-1.567875090312437431e-07
-1.585191089950801314e-07
-1.615359604444052443e-07
-1.637230936737577296e-07
-1.652245133830243340e-07
-1.680949716228739344e-07
-1.709265560839418220e-07
-1.725080801520971247e-07
-1.750129473786238332e-07
-1.783324307242917419e-07
-1.803356208008601281e-07
-1.824469418963251464e-07
-1.859502501237929663e-07
-1.886159154988801538e-07
-1.905192469488616129e-07
-1.938749454461052736e-07
-1.972467653201087993e-07
-1.992791077942550505e-07
-2.022644686027691535e-07
-2.061682313154879970e-07
-2.086932689875439018e-07
-2.112924303405393345e-07
-2.154021531363021178e-07
-2.186703545613824139e-07
-2.210938543732874802e-07
-2.250617451613489060e-07
-2.291107844833573164e-07
-2.317256119187837698e-07
-2.353263986850367184e-07
-2.399633994896354230e-07
-2.431580750257803147e-07
-2.463905393418827414e-07
-2.512665695972861770e-07
-2.553027398102795518e-07
-2.584061460266450011e-07
-2.631569175615340555e-07
-2.680664168745950420e-07
-2.714418744456645546e-07
-2.758410672428499771e-07
-2.814116038815742839e-07
-2.854760334805552442e-07
-2.895404347261940855e-07
-2.953993804479238726e-07
-3.004278690410938529e-07
-3.044302996152475226e-07
-3.101972220334821995e-07
-3.162165378057551721e-07
-3.205976143049536978e-07
-3.260474684241925762e-07
-3.328256864650640926e-07
-3.380355740513657324e-07
-3.432077476679890227e-07
-3.503484066677124711e-07
-3.566790877530195016e-07
-3.618864082126931095e-07
-3.689941785148170821e-07
-3.764692019777964069e-07
-3.821990707534809996e-07
-3.890538725108944566e-07
-3.974225016257805706e-07
-4.041651752112541125e-07
-4.108355434565446410e-07
-4.196785526644206360e-07
-4.277483401234908018e-07
-4.345960805498949623e-07
-4.435061266183715408e-07
-4.529271210588508486e-07
-4.604966723550451612e-07
-4.692646660513778882e-07
-4.797701226039049312e-07
-4.886019286618445195e-07
-4.973353037697117963e-07
-5.084866224116207935e-07
-5.189261281078277559e-07
-5.280487485482996517e-07
-5.394324937208422939e-07
-5.515115926316733889e-07
-5.616400870284925901e-07
-5.730683160986461071e-07
-5.865108498502753744e-07
-5.982514601762550120e-07
-6.098857720943527266e-07
-6.242416524021923072e-07
-6.379857692962404711e-07
-6.503321870666058201e-07
-6.651935592969147296e-07
-6.809946621260961363e-07
-6.947656438758185060e-07
-7.099834774157568796e-07
-7.275699795490408001e-07
-7.434630125371061681e-07
-7.592783104117544326e-07
-7.782054008359570594e-07
-7.966837686121496730e-07
-8.137174864233055055e-07
-8.336058310602165541e-07
-8.547710536740997147e-07
-8.738706623251056399e-07
-8.946425731047238041e-07
-9.182564530892418719e-07
-9.402546483660135688e-07
-9.622748234477042660e-07
-9.879327266916413864e-07
-1.013412402592993788e-06
-1.037473808014575407e-06
-1.064870884166978367e-06
-1.094033785348642231e-06
-1.121188388470279864e-06
-1.150380561112487383e-06
-1.183081803793280560e-06
-1.214378595738318106e-06
-1.245937313266594877e-06
-1.281886114406379076e-06
-1.318120493093247993e-06
-1.353117704699026505e-06
-1.392179334864382070e-06
-1.433760799322916205e-06
-1.473585891863592361e-06
-1.516076867284722738e-06
-1.563082784849505786e-06
-1.609162087862937676e-06
-1.656028419118999204e-06
-1.708443567262466909e-06
-1.761978553303658821e-06
-1.814788935492698063e-06
-1.872859005460855321e-06
-1.934702223861161454e-06
-1.995460612772372974e-06
-2.060041222842803290e-06
-2.130785799434019091e-06
-2.201644356835159437e-06
-2.274425710531156647e-06
-2.354709517353871931e-06
-2.437713862599547776e-06
-2.521248897632761058e-06
-2.612196270992470172e-06
-2.709199208206216443e-06
-2.806744987911271062e-06
-2.910418609075002406e-06
-3.023252249798667183e-06
-3.138521517649104342e-06
-3.258257615309048320e-06
-3.389173293860844336e-06
-3.526153192874164516e-06
-3.666709604265785051e-06
-3.819011590392735396e-06
-3.982016549062314467e-06
-4.149559908665475550e-06
-4.328308385365764022e-06
-4.522390458047269527e-06
-4.724455178610964943e-06
-4.937123371891082783e-06
-5.168885032164984749e-06
-5.414518746108546026e-06
-5.671566965846279470e-06
-5.950345742887203201e-06
-6.250690591695311132e-06
-6.566153523593973369e-06
-6.905519212760971877e-06
-7.275066045716941804e-06
-7.667411218499472768e-06
-8.086972518858972169e-06
-8.545694039477061933e-06
-9.039369931693944969e-06
-9.567048897069363393e-06
-1.014361966333955733e-05
-1.077185573240051877e-05
-1.144705216813513667e-05
-1.218345447051262489e-05
-1.299300173329778310e-05
-1.387139398393056793e-05
-1.482939926565767369e-05
-1.588796849484068658e-05
-1.704891529124432330e-05
-1.831900469654596309e-05
-1.972580540128967224e-05
-2.128268372454630004e-05
-2.299469462404548506e-05
-2.489166621096081751e-05
-2.700041143192563034e-05
-2.932633863736410155e-05
-3.189160700278916146e-05
-3.472396477520450905e-05
-3.781174160206659537e-05
-4.112132565627906470e-05
-4.458541576782695337e-05
-4.798516990066338495e-05
-5.077055782183913175e-05
-5.152862474182233325e-05
-4.606174465619922978e-05
-2.110357602200969038e-05
6.571106021767326338e-05
3.457937737466967604e-04
1.202103557934937990e-03
3.661083145781088028e-03
1.021613802915888325e-02
2.628597604791903936e-02
6.225681993146293947e-02
1.353469683999115325e-01
2.694313557719663077e-01
4.902034554223578811e-01
8.140263591986295344e-01
1.232554088009337745e+00
1.700511562188095516e+00
2.136805126698023471e+00
2.444896738524109381e+00
2.547185395433192223e+00
2.417061341968491650e+00
2.090795748935690757e+00
1.652486752542348114e+00
1.201315760693924206e+00
8.193262392821683004e-01
5.540110026248944441e-01
4.180682596251440453e-01
3.987789030122949607e-01
4.677928670507816578e-01
5.872945923046426486e-01
7.145405689249173520e-01
8.085549150468951396e-01
8.396847962581904801e-01
7.982389805454676024e-01
6.969197728292005900e-01
5.647479139604222320e-01
4.352272062165189470e-01
3.345801083491822814e-01
2.750202859576077463e-01
2.545651300510474169e-01
2.616643390269234315e-01
2.816484835388763375e-01
3.024905626827545935e-01
3.185226354418120853e-01
3.316942572750076201e-01
3.504139106971414508e-01
3.861511782897224521e-01
4.482599064135430744e-01
5.383087040626227671e-01
6.463296422082090986e-01
7.517559431756565269e-01
8.303405856321571799e-01
8.652295983778172106e-01
8.574292813244976941e-01
8.302725409728757278e-01
8.247031769408480484e-01
8.858721316176298988e-01
1.044908931792088991e+00
1.302088377292257126e+00
1.618727381856740477e+00
1.923794499429382521e+00
2.135828921402372682e+00
2.192487557420800037e+00
2.074078973865930653e+00
1.809358326080925172e+00
1.461645375603952246e+00
1.104202075403534655e+00
7.979318220413736951e-01
5.798769723510609486e-01
4.626219458853109145e-01
4.392014986612614025e-01
4.883151143304487740e-01
5.784756592609318071e-01
6.729801961179684433e-01
7.375214844048985086e-01
7.493223721000478177e-01
7.038264192201539871e-01
6.150535093699012190e-01
5.089601089369308884e-01
4.130148630402011856e-01
3.468340694839884275e-01
3.173740653088972796e-01
3.194161292723849965e-01
3.399027689798090335e-01
3.638839163168920976e-01
3.800232325595120919e-01
3.841984699707949313e-01
3.804180240139940494e-01
3.789585243503236778e-01
3.922250764820316427e-01
4.293860814663499892e-01
4.914384498210710439e-01
5.688133384123872371e-01
6.432961566488734073e-01
6.944142951040441769e-01
7.080485052986827954e-01
6.833699331731242221e-01
6.346337378175179733e-01
5.867348221706091271e-01
5.662166471016104596e-01
5.911195486836875457e-01
6.633262213958738274e-01
7.663508972939675479e-01
8.699740906998409962e-01
9.405938077924433927e-01
9.533098387883437441e-01
9.004192848040015740e-01
7.926638827438787782e-01
6.534991546282219455e-01
5.101326445264550147e-01
3.857766178707626725e-01
2.955325646164835840e-01
2.456133909950443672e-01
2.342243240881236588e-01
2.528420991074351032e-01
2.878728681442241366e-01
3.233711177072343124e-01
3.449972392691043055e-01
3.441517487414824661e-01
3.204344377112651743e-01
2.810915518181935635e-01
2.376589833146697528e-01
2.014308086565493594e-01
1.797201246166870159e-01
1.741441472407833368e-01
1.810954604568758564e-01
1.938081272384542808e-01
2.051241738109459145e-01
2.100472890325946473e-01
2.073303150576013276e-01
1.996716567826814503e-01
1.925246268434366859e-01
1.919136893496194429e-01
2.019265308901050382e-01
2.227195942737260625e-01
2.498809946679286520e-01
2.756596156685442445e-01
2.918153972741827085e-01
2.929741892063293385e-01
2.789652593827759430e-01
2.550487834256754405e-01
2.299636028390522058e-01
2.126823657208111451e-01
2.091607690847578638e-01
2.202162982852668427e-01
2.412361603255617493e-01
2.638354068060810298e-01
2.788856974242677200e-01
2.797151499976570088e-01
2.641577608604684380e-01
2.347253264824893659e-01
1.971535082577413334e-01
1.582731428667021323e-01
1.241717503579196774e-01
9.910201541651358914e-02
8.505640267297748247e-02
8.172425728914028964e-02
8.668733420394587885e-02
9.593686934840645053e-02
1.048341348974115711e-01
1.094043911228185506e-01
1.075337607980433458e-01
9.953343484204225933e-02
8.779305741789406037e-02
7.570282263673459855e-02
6.635537040555418431e-02
6.155078792520907865e-02
6.139517961000526963e-02
6.451084767380239893e-02
6.869377182109126512e-02
7.176428460200297288e-02
7.232922574363374879e-02
7.021436746374298821e-02
6.644318009726253582e-02
6.279340284212141243e-02
6.109253281634949989e-02
6.248521613867152880e-02
6.692401788362777049e-02
7.309381223865385468e-02
7.884883213135411573e-02
8.202662924780594611e-02
8.130331304778601331e-02
7.670996130492516163e-02
6.959332316049103573e-02
6.207339796307861923e-02
5.625653546913313152e-02
5.351324651488714723e-02
5.405694409947583989e-02
5.693877571935811871e-02
6.044005029296450893e-02
6.270728706635247951e-02
6.237892942976511201e-02
5.896510602047690119e-02
5.287501928569671855e-02
4.515878897479829596e-02
3.713091536785909780e-02
3.002769203169947457e-02
2.476813284043917832e-02
2.181577537706210282e-02
2.112030025473514427e-02
2.214177206548157556e-02
2.398236370883394947e-02
2.563149915462548806e-02
2.626976144344910988e-02
2.551979281066862892e-02
2.353441513300037410e-02
2.088542322775386803e-02
1.831285152127614183e-02
1.644916601747901594e-02
1.562139509494807170e-02
1.578296203000530140e-02
1.657507353183797216e-02
1.748217993260620107e-02
1.802468039883347445e-02
1.792363453235484155e-02
1.718324986126612205e-02
1.606804991348180153e-02
1.498959945511378622e-02
1.434574492098072453e-02
1.436717059685478984e-02
1.502408580615005422e-02
1.603013836766243802e-02
1.694808162463665516e-02
1.735836697358076122e-02
1.701961027900454962e-02
1.595233470149815674e-02
1.441626368685968405e-02
1.280164780148366002e-02
1.148653726126467808e-02
1.071398800785043973e-02
1.052619946986658311e-02
1.077010089659264334e-02
1.116626008532192391e-02
1.141241946088686690e-02
1.128165473645799735e-02
1.068120654271502608e-02
9.659433325564280651e-03
8.371419338269141600e-03
7.025079495048410297e-03
5.826910373230215212e-03
4.937512990525012510e-03
4.440249624379083437e-03
4.325274081885902185e-03
4.493262032024253512e-03
4.782842217559597764e-03
5.018899746603769536e-03
5.067737107951817734e-03
4.877808019335522736e-03
4.488945399701638368e-03
4.007703690778952749e-03
3.561950039100489265e-03
3.254491915131542575e-03
3.131791494044232696e-03
3.175230800524977710e-03
3.314408995222471298e-03
3.456088695849842546e-03
3.518364283123245721e-03
3.458214913512353255e-03
3.283263719736665472e-03
3.044823746076812630e-03
2.816173739466805003e-03
2.664437957228203788e-03
2.625712636010572431e-03
2.691907441306165983e-03
2.814263800604839376e-03
2.922554575971051186e-03
2.952274359456121943e-03
2.868344138539537583e-03
2.675769188368666302e-03
