-7.054980403940515343e-02
-7.092457280935011987e-02
-7.130189294701755331e-02
-7.168179326539438068e-02
-7.206430047027889696e-02
-7.244944137990709521e-02
-7.283724594107386652e-02
-7.322774314944663354e-02
-7.362096052998320928e-02
-7.401692860265167428e-02
-7.441567868203348424e-02
-7.481723973712051112e-02
-7.522164257057528669e-02
-7.562892044613837850e-02
-7.603910449977233088e-02
-7.645222595220317607e-02
-7.686831941310022509e-02
-7.728741863587160199e-02
-7.770955581337891938e-02
-7.813476633111425540e-02
-7.856308658228693120e-02
-7.899455053215662104e-02
-7.942919407001126919e-02
-7.986705583582162649e-02
-8.030817233929915533e-02
-8.075258015710805315e-02
-8.120031954960794940e-02
-8.165143004493093104e-02
-8.210594952991633055e-02
-8.256391931034560983e-02
-8.302538195162741108e-02
-8.349037752321489259e-02
-8.395894813016595293e-02
-8.443113896176852873e-02
-8.490699309939921113e-02
-8.538655368925096578e-02
-8.586986789911779661e-02
-8.635698232626545789e-02
-8.684794186128587390e-02
-8.734279507738121340e-02
-8.784159210827641173e-02
-8.834438054559388964e-02
-8.885121015775566955e-02
-8.936213418631328009e-02
-8.987720382151273557e-02
-9.039647034038916784e-02
-9.091998943465326444e-02
-9.144781643658467241e-02
-9.198000493095824515e-02
-9.251661249828399547e-02
-9.305769864343710340e-02
-9.360332031577435485e-02
-9.415353682430335769e-02
-9.470841141110870887e-02
-9.526800537126096924e-02
-9.583238014506222091e-02
-9.640160205246432745e-02
-9.697573733096981341e-02
-9.755485046786704917e-02
-9.813901032594639362e-02
-9.872828813866908748e-02
-9.932275261924836118e-02
-9.992247508256163480e-02
-1.005275313295811296e-01
-1.011379953856833408e-01
-1.017539415347264720e-01
-1.023754495008472182e-01
-1.030025992922144334e-01
-1.036354692224993185e-01
-1.042741424521444193e-01
-1.049187050688856898e-01
-1.055692407479328493e-01
-1.062258360932190060e-01
-1.068885828724248921e-01
-1.075575713448513188e-01
-1.082328922239547825e-01
-1.089146423542096676e-01
-1.096029193546498304e-01
-1.102978192947893926e-01
-1.109994436903962017e-01
-1.117078976921298678e-01
-1.124232842543196609e-01
-1.131457097111266824e-01
-1.138752864090586681e-01
-1.146121255924180682e-01
-1.153563392800874415e-01
-1.161080464939812928e-01
-1.168673676968644271e-01
-1.176344220839032340e-01
-1.184093350796720651e-01
-1.191922366630540631e-01
-1.199832549969910567e-01
-1.207825222594704206e-01
-1.215901777300931602e-01
-1.224063601978803428e-01
-1.232312097378467641e-01
-1.240648745592998481e-01
-1.249075052338890768e-01
-1.257592515598489613e-01
-1.266202706175962034e-01
-1.274907252666756807e-01
-1.283707771834929345e-01
-1.292605929736076464e-01
-1.301603477821338950e-01
-1.310702171858376675e-01
-1.319903788560800040e-01
-1.329210201113481538e-01
-1.338623319347347629e-01
-1.348145053643462765e-01
-1.357777401799628025e-01
-1.367522436191443147e-01
-1.377382227650418844e-01
-1.387358909768794113e-01
-1.397454721128041366e-01
-1.407671918667838806e-01
-1.418012793083300305e-01
-1.428479752467644859e-01
-1.439075260440992599e-01
-1.449801794834764956e-01
-1.460661941818965637e-01
-1.471658385903389099e-01
-1.482793826709762619e-01
-1.494071047000248564e-01
-1.505492962199176388e-01
-1.517062527839116715e-01
-1.528782753727336852e-01
-1.540656797130107725e-01
-1.552687899054553122e-01
-1.564879337269119153e-01
-1.577234528997404905e-01
-1.589757024703165877e-01
-1.602450417183768072e-01
-1.615318414168532279e-01
-1.628364896753064506e-01
-1.641593820668882375e-01
-1.655009229445202346e-01
-1.668615359121424502e-01
-1.682416573171536534e-01
-1.696417309584710154e-01
-1.710622194032872523e-01
-1.725036038909344427e-01
-1.739663744363723064e-01
-1.754510376886325995e-01
-1.769581239048446386e-01
-1.784881764683393657e-01
-1.800417531778510383e-01
-1.816194381679971381e-01
-1.832218353774234809e-01
-1.848495626841609174e-01
-1.865032645705019809e-01
-1.881836128006821318e-01
-1.898912957398765922e-01
-1.916270270675747567e-01
-1.933915542665025078e-01
-1.951856476298508003e-01
-1.970101017145844402e-01
-1.988657491937152189e-01
-2.007534545529802705e-01
-2.026741078041722488e-01
-2.046286390196379590e-01
-2.066180202460526361e-01
-2.086432542235722720e-01
-2.107053844610206894e-01
-2.128055059244054470e-01
-2.149447538628393994e-01
-2.171243059025736444e-01
-2.193453987078374523e-01
-2.216093225014437729e-01
-2.239174148506447026e-01
-2.262710780855122783e-01
-2.286717834100485403e-01
-2.311210596559350183e-01
-2.336205058299412052e-01
-2.361718053863880451e-01
-2.387767158311671356e-01
-2.414370726817950397e-01
-2.441548107587211414e-01
-2.469319610348644500e-01
-2.497706459561520875e-01
-2.526731020046649734e-01
-2.556416882818132730e-01
-2.586788772484297505e-01
-2.617872724926885719e-01
-2.649696298409436879e-01
-2.682288505714552906e-01
-2.715679906541935695e-01
-2.749902911204926692e-01
-2.784991814737530214e-01
-2.820982810251594364e-01
-2.857914325326774696e-01
-2.895827215413468991e-01
-2.934764753785104596e-01
-2.974772940627945506e-01
-3.015900874213178762e-01
-3.058200811190276425e-01
-3.101728420321992474e-01
-3.146543309011717304e-01
-3.192709261744778870e-01
-3.240294468537812111e-01
-3.289372162474272776e-01
-3.340021131992416126e-01
-3.392326024328702339e-01
-3.446378065240038313e-01
-3.502275914481424168e-01
-3.560126211405971741e-01
-3.620044412179037052e-01
-3.682156042900509574e-01
-3.746597711333466418e-01
-3.813518213566297610e-01
-3.883080272996484728e-01
-3.955462302532715690e-01
-4.030860107095026734e-01
-4.109489328163295485e-01
-4.191588353345708229e-01
-4.277421201747158563e-01
-4.367281197487027922e-01
-4.461495698187500358e-01
-4.560431196361784956e-01
-4.664499371698427321e-01
-4.774164987141168437e-01
-4.889955156508945522e-01
-5.012470256933474477e-01
-5.142398006236365005e-01
-5.280531040705215284e-01
-5.427788321533879579e-01
-5.585242734884308113e-01
-5.754157087579133689e-01
-5.936030331115389469e-01
-6.132658805962902804e-01
-6.346219772128599557e-01
-6.579386244306789644e-01
-6.835489416330104984e-01
-7.118757982625473213e-01
-7.434683515644715524e-01
-7.790600609758894235e-01
-8.196638268034680541e-01
-8.667278229069454998e-01
-9.223766771278567589e-01
-9.897321444539567414e-01
-1.073195452361991542e+00
-1.178326765758425543e+00
-1.310604256082221308e+00
-1.472141903002565533e+00
-1.655942071984078945e+00
-1.838995078257297688e+00
-1.978219233185885217e+00
-2.014977070782230761e+00
-1.891852570868180594e+00
-1.578374833925709320e+00
-1.093820141941790780e+00
-5.122514072815844699e-01
5.744647232220556621e-02
5.089409993909049801e-01
7.743097574163273489e-01
8.407452457931657852e-01
7.432899963334923532e-01
5.428108600687590046e-01
3.036258765417985672e-01
8.001290069241830116e-02
-8.831310977436948595e-02
-1.771513233945736232e-01
-1.795555601960493464e-01
-1.079239396601237855e-01
7.477005930170129398e-03
1.264326322192892982e-01
2.114924454082653116e-01
2.398429258231032091e-01
2.086995472449914846e-01
1.324005605133471708e-01
3.386212917114568566e-02
-6.490044875985061246e-02
-1.494314886371934104e-01
-2.152625110797821983e-01
-2.666386847032003460e-01
-3.129140825559115768e-01
-3.639809893041359712e-01
-4.258091230753955903e-01
-4.970585359685457671e-01
-5.679160633448696593e-01
-6.223653685408052638e-01
-6.442785958772447863e-01
-6.257502272163222301e-01
-5.739450946872690640e-01
-5.121872770329747304e-01
-4.731220048167804060e-01
-4.856192101574043352e-01
-5.603642881553834165e-01
-6.801042664942159588e-01
-7.993179647942934007e-01
-8.554636795521189940e-01
-7.900974300713677900e-01
-5.731749295428962832e-01
-2.198633854076421645e-01
2.098562809274296392e-01
6.307444806441733220e-01
9.622553737464191181e-01
1.154194868938386520e+00
1.196935319531482911e+00
1.115102500318743139e+00
9.523851240520350148e-01
7.568801464886336650e-01
5.718812719800757671e-01
4.312962724363079703e-01
3.564495167746393189e-01
3.527198072612040547e-01
4.077097476427643530e-01
4.940093206907462120e-01
5.776101918427509752e-01
6.292458474744809793e-01
6.335994896632275442e-01
5.923739781712790142e-01
5.206846420877488946e-01
4.394254768658465982e-01
3.673014666095477665e-01
3.152818591529626957e-01
2.846172795013044432e-01
2.682589781782758753e-01
2.547263905218258850e-01
2.330688169876487525e-01
1.974737924907268571e-01
1.501998725785911870e-01
1.017627217073975576e-01
6.779421202042001937e-02
6.301968789160435069e-02
9.431609629303464026e-02
1.559972028931941590e-01
2.301454540941115789e-01
2.926228676936169504e-01
3.224947828192005206e-01
3.108433347056643314e-01
2.652966900795264982e-01
2.084672806611908569e-01
1.706690281749353999e-01
1.791579796050616902e-01
2.476308061169220087e-01
3.702941012958134714e-01
5.234572589847773516e-01
6.741845955629791609e-01
7.918908526907785239e-01
8.574803665575642109e-01
8.666577828530305228e-01
8.276853649789974732e-01
7.564050867952023527e-01
6.714063185258238864e-01
5.905593711294179204e-01
5.285207926889813335e-01
4.944628820109852607e-01
4.901162484549573817e-01
5.091881438741551191e-01
5.392263225043477659e-01
5.658166892538931680e-01
5.775197854834607236e-01
5.693854600136407651e-01
5.436787204565389775e-01
5.079297162673390709e-01
4.715307213635859807e-01
4.423402363654824754e-01
4.243600913361587068e-01
4.169912272244322704e-01
4.158751150485308634e-01
4.149082910981130023e-01
4.087171701074073238e-01
3.947906550554083349e-01
3.745989009305829009e-01
3.532938774100828905e-01
3.379501762256990061e-01
3.347957697471633520e-01
3.464240853568651968e-01
3.702447418208243413e-01
3.990595187866672333e-01
4.236738033969352224e-01
4.364275257507368999e-01
4.341141395696158090e-01
4.191448544813159982e-01
3.986337975821203083e-01
3.818319285527462248e-01
3.768237073704549522e-01
3.876450501877639621e-01
4.129148063636289834e-01
4.465307477527166724e-01
4.800608225766502257e-01
5.056731523954787200e-01
5.183364295496120100e-01
5.166290063531736587e-01
5.023154195062722316e-01
4.793105714637896364e-01
4.525800409982572159e-01
4.271732631604094332e-01
4.073272845502948769e-01
3.956055511587108220e-01
3.922623597607409751e-01
3.951813302500485903e-01
4.006023772923024695e-01
4.044585597600465765e-01
4.037789293727183648e-01
3.975657113220911199e-01
3.868507558342166308e-01
3.740396528240880203e-01
3.619041629347284350e-01
3.526132100342818654e-01
3.470906755424218448e-01
3.448518421600081374e-01
3.443258841756007271e-01
3.435258497867472727e-01
3.408215387698250720e-01
3.355517454555677626e-01
3.282792316562103130e-01
3.206032867235126260e-01
3.145724936665396099e-01
3.118794875427122193e-01
3.131391781800141327e-01
3.175701529026855874e-01
3.232497165817392326e-01
3.278440423872200915e-01
3.294861069820245181e-01
3.274289090550220882e-01
3.222435007151689401e-01
3.155415271666089372e-01
3.093644481603591290e-01
3.054652510990570891e-01
3.047294902171309161e-01
3.069358436330630879e-01
3.109260588782219448e-01
3.150786907260487713e-01
3.178599663126231434e-01
3.182347934729436445e-01
3.158388937900886706e-01
3.109423543635022047e-01
3.042947319890604296e-01
2.969245346938279573e-01
2.899199464036633644e-01
2.841960414220031095e-01
2.802753362912603352e-01
2.781483513044465394e-01
2.772898533864849302e-01
2.768543784716304690e-01
2.759850364362915198e-01
2.741067647439819344e-01
2.710866418402896882e-01
2.672170458876342858e-01
2.630571290701842480e-01
2.592104269436998898e-01
2.561181586442080604e-01
2.539286302543433127e-01
2.524760558343918104e-01
2.513682314126857165e-01
2.501465819499543719e-01
2.484585845793828296e-01
2.461827912072654112e-01
2.434671956741313037e-01
2.406704283203394135e-01
2.382246349986520961e-01
2.364664868403925646e-01
2.355009171423424752e-01
2.351560734535735608e-01
2.350506483500016952e-01
2.347422163916992599e-01
2.338892538883310113e-01
2.323611641865107047e-01
2.302626673302831106e-01
2.278766809633719359e-01
2.255552006128859477e-01
2.235984602950751576e-01
2.221625218110437616e-01
2.212241864948465975e-01
2.206095144007463038e-01
2.200666114015888963e-01
2.193490013876786549e-01
2.182801796820464380e-01
2.167862737267044482e-01
2.148990236894441352e-01
2.127376922565787365e-01
2.104771724141402955e-01
2.083064705489764135e-01
2.063822412364341718e-01
2.047870428560593647e-01
2.035067511099273030e-01
2.024391268273542932e-01
2.014335100516921884e-01
2.003463199761719160e-01
1.990892069871267878e-01
1.976518121421258489e-01
1.960944877171920675e-01
1.945185665488899651e-01
1.930274089828324935e-01
1.916914214390153248e-01
1.905273482983722011e-01
1.894973980544497616e-01
1.885272764620922192e-01
1.875356026642311102e-01
1.864635181980837664e-01
1.852942790084878277e-01
1.840570083455076167e-01
1.828141165254016376e-01
1.816368849110144568e-01
1.805779025567502416e-01
1.796509677161297891e-01
1.788266676026937507e-01
1.780450873755065888e-01
1.772392961143151591e-01
