4.035900000000000000e+04
4.039908016032064188e+04
4.043916032064128376e+04
4.047924048096192564e+04
4.051932064128256752e+04
4.055940080160320940e+04
4.059948096192385128e+04
4.063956112224448589e+04
4.067964128256512777e+04
4.071972144288576965e+04
4.075980160320641153e+04
4.079988176352705341e+04
4.083996192384769529e+04
4.088004208416833717e+04
4.092012224448897905e+04
4.096020240480962093e+04
4.100028256513026281e+04
4.104036272545090469e+04
4.108044288577154657e+04
4.112052304609218118e+04
4.116060320641282306e+04
4.120068336673346494e+04
4.124076352705410682e+04
4.128084368737474870e+04
4.132092384769539058e+04
4.136100400801603246e+04
4.140108416833667434e+04
4.144116432865731622e+04
4.148124448897795810e+04
4.152132464929859998e+04
4.156140480961924186e+04
4.160148496993987646e+04
4.164156513026051834e+04
4.168164529058116022e+04
4.172172545090180211e+04
4.176180561122244399e+04
4.180188577154308587e+04
4.184196593186372775e+04
4.188204609218436963e+04
4.192212625250501151e+04
4.196220641282565339e+04
4.200228657314629527e+04
4.204236673346693715e+04
4.208244689378757175e+04
4.212252705410821363e+04
4.216260721442885551e+04
4.220268737474949739e+04
4.224276753507013927e+04
4.228284769539078115e+04
4.232292785571142304e+04
4.236300801603206492e+04
4.240308817635270680e+04
4.244316833667334868e+04
4.248324849699399056e+04
4.252332865731463244e+04
4.256340881763526704e+04
4.260348897795590892e+04
4.264356913827655080e+04
4.268364929859719268e+04
4.272372945891783456e+04
4.276380961923847644e+04
4.280388977955911832e+04
4.284396993987976020e+04
4.288405010020040208e+04
4.292413026052104397e+04
4.296421042084168585e+04
4.300429058116232773e+04
4.304437074148296961e+04
4.308445090180360421e+04
4.312453106212424609e+04
4.316461122244488797e+04
4.320469138276552985e+04
4.324477154308617173e+04
4.328485170340681361e+04
4.332493186372745549e+04
4.336501202404809737e+04
4.340509218436873925e+04
4.344517234468938113e+04
4.348525250501002301e+04
4.352533266533065762e+04
4.356541282565129950e+04
4.360549298597194138e+04
4.364557314629258326e+04
4.368565330661322514e+04
4.372573346693386702e+04
4.376581362725450890e+04
4.380589378757515078e+04
4.384597394789579266e+04
4.388605410821643454e+04
4.392613426853707642e+04
4.396621442885771830e+04
4.400629458917836018e+04
4.404637474949899479e+04
4.408645490981963667e+04
4.412653507014027855e+04
4.416661523046092043e+04
4.420669539078156231e+04
4.424677555110220419e+04
4.428685571142284607e+04
4.432693587174348795e+04
4.436701603206412983e+04
4.440709619238477171e+04
4.444717635270541359e+04
4.448725651302604820e+04
4.452733667334669735e+04
4.456741683366733196e+04
4.460749699398797384e+04
4.464757715430861572e+04
4.468765731462925760e+04
4.472773747494989948e+04
4.476781763527054136e+04
4.480789779559118324e+04
4.484797795591182512e+04
4.488805811623246700e+04
4.492813827655310888e+04
4.496821843687375076e+04
4.500829859719438537e+04
4.504837875751502725e+04
4.508845891783566913e+04
4.512853907815631101e+04
4.516861923847695289e+04
4.520869939879759477e+04
4.524877955911823665e+04
4.528885971943887853e+04
4.532893987975952041e+04
4.536902004008016229e+04
4.540910020040080417e+04
4.544918036072144605e+04
4.548926052104208793e+04
4.552934068136272253e+04
4.556942084168336442e+04
4.560950100200400630e+04
4.564958116232464818e+04
4.568966132264529006e+04
4.572974148296593194e+04
4.576982164328657382e+04
4.580990180360721570e+04
4.584998196392785758e+04
4.589006212424849946e+04
4.593014228456914134e+04
4.597022244488977594e+04
4.601030260521041782e+04
4.605038276553105970e+04
4.609046292585170158e+04
4.613054308617234346e+04
4.617062324649298534e+04
4.621070340681362723e+04
4.625078356713426911e+04
4.629086372745491099e+04
4.633094388777555287e+04
4.637102404809619475e+04
4.641110420841683663e+04
4.645118436873747851e+04
4.649126452905811311e+04
4.653134468937875499e+04
4.657142484969939687e+04
4.661150501002003875e+04
4.665158517034068063e+04
4.669166533066132251e+04
4.673174549098196439e+04
4.677182565130260627e+04
4.681190581162324816e+04
4.685198597194389004e+04
4.689206613226453192e+04
4.693214629258516652e+04
4.697222645290581568e+04
4.701230661322645028e+04
4.705238677354709216e+04
4.709246693386773404e+04
4.713254709418837592e+04
4.717262725450901780e+04
4.721270741482965968e+04
4.725278757515030156e+04
4.729286773547094344e+04
4.733294789579158532e+04
4.737302805611222720e+04
4.741310821643286909e+04
4.745318837675350369e+04
4.749326853707414557e+04
4.753334869739478745e+04
4.757342885771542933e+04
4.761350901803607121e+04
4.765358917835671309e+04
4.769366933867735497e+04
4.773374949899799685e+04
4.777382965931863873e+04
4.781390981963928061e+04
4.785398997995992249e+04
4.789407014028056437e+04
4.793415030060120625e+04
4.797423046092184086e+04
4.801431062124248274e+04
4.805439078156312462e+04
4.809447094188376650e+04
4.813455110220440838e+04
4.817463126252505026e+04
4.821471142284569214e+04
4.825479158316633402e+04
4.829487174348697590e+04
4.833495190380761778e+04
4.837503206412825966e+04
4.841511222444889427e+04
4.845519238476953615e+04
4.849527254509017803e+04
4.853535270541081991e+04
4.857543286573146179e+04
4.861551302605210367e+04
4.865559318637274555e+04
4.869567334669338743e+04
4.873575350701402931e+04
4.877583366733467119e+04
4.881591382765531307e+04
4.885599398797594768e+04
4.889607414829659683e+04
4.893615430861723144e+04
4.897623446893787332e+04
4.901631462925851520e+04
4.905639478957915708e+04
4.909647494989979896e+04
4.913655511022044084e+04
4.917663527054108272e+04
4.921671543086172460e+04
4.925679559118236648e+04
4.929687575150300836e+04
4.933695591182365024e+04
4.937703607214428484e+04
4.941711623246493400e+04
4.945719639278556861e+04
4.949727655310621049e+04
4.953735671342685237e+04
4.957743687374749425e+04
4.961751703406813613e+04
4.965759719438877801e+04
4.969767735470941989e+04
4.973775751503006177e+04
4.977783767535070365e+04
4.981791783567134553e+04
4.985799799599198741e+04
4.989807815631262201e+04
4.993815831663327117e+04
4.997823847695390577e+04
5.001831863727454765e+04
5.005839879759518954e+04
5.009847895791583142e+04
5.013855911823647330e+04
5.017863927855711518e+04
5.021871943887775706e+04
5.025879959919839894e+04
5.029887975951904082e+04
5.033895991983967542e+04
5.037904008016032458e+04
5.041912024048095918e+04
5.045920040080160106e+04
5.049928056112224294e+04
5.053936072144288482e+04
5.057944088176352670e+04
5.061952104208416858e+04
5.065960120240481046e+04
5.069968136272545235e+04
5.073976152304609423e+04
5.077984168336673611e+04
5.081992184368737799e+04
5.086000200400801259e+04
5.090008216432866175e+04
5.094016232464929635e+04
5.098024248496993823e+04
5.102032264529058011e+04
5.106040280561122199e+04
5.110048296593186387e+04
5.114056312625250575e+04
5.118064328657314763e+04
5.122072344689378951e+04
5.126080360721443139e+04
5.130088376753506600e+04
5.134096392785571516e+04
5.138104408817634976e+04
5.142112424849699164e+04
5.146120440881763352e+04
5.150128456913827540e+04
5.154136472945891728e+04
5.158144488977955916e+04
5.162152505010020104e+04
5.166160521042084292e+04
5.170168537074148480e+04
5.174176553106212668e+04
5.178184569138276856e+04
5.182192585170340317e+04
5.186200601202405232e+04
5.190208617234468693e+04
5.194216633266532881e+04
5.198224649298597069e+04
5.202232665330661257e+04
5.206240681362725445e+04
5.210248697394789633e+04
5.214256713426853821e+04
5.218264729458918009e+04
5.222272745490982197e+04
5.226280761523046385e+04
5.230288777555110573e+04
5.234296793587174034e+04
5.238304809619238949e+04
5.242312825651302410e+04
5.246320841683366598e+04
5.250328857715430786e+04
5.254336873747494974e+04
5.258344889779559162e+04
5.262352905811623350e+04
5.266360921843687538e+04
5.270368937875751726e+04
5.274376953907815914e+04
5.278384969939879375e+04
5.282392985971944290e+04
5.286401002004007751e+04
5.290409018036071939e+04
5.294417034068136127e+04
5.298425050100200315e+04
5.302433066132264503e+04
5.306441082164328691e+04
5.310449098196392879e+04
5.314457114228457067e+04
5.318465130260521255e+04
5.322473146292585443e+04
5.326481162324649631e+04
5.330489178356713091e+04
5.334497194388778007e+04
5.338505210420841468e+04
5.342513226452905656e+04
5.346521242484969844e+04
5.350529258517034032e+04
5.354537274549098220e+04
5.358545290581162408e+04
5.362553306613226596e+04
5.366561322645290784e+04
5.370569338677354972e+04
5.374577354709418432e+04
5.378585370741483348e+04
5.382593386773546808e+04
5.386601402805610996e+04
5.390609418837675184e+04
5.394617434869739373e+04
5.398625450901803561e+04
5.402633466933867749e+04
5.406641482965931937e+04
5.410649498997996125e+04
5.414657515030060313e+04
5.418665531062124501e+04
5.422673547094188689e+04
5.426681563126252149e+04
5.430689579158317065e+04
5.434697595190380525e+04
5.438705611222444713e+04
5.442713627254508901e+04
5.446721643286573089e+04
5.450729659318637277e+04
5.454737675350701466e+04
5.458745691382765654e+04
5.462753707414829842e+04
5.466761723446894030e+04
5.470769739478958218e+04
5.474777755511022406e+04
5.478785771543085866e+04
5.482793787575150782e+04
5.486801803607214242e+04
5.490809819639278430e+04
5.494817835671342618e+04
5.498825851703406806e+04
5.502833867735470994e+04
5.506841883767535182e+04
5.510849899799599370e+04
5.514857915831663558e+04
5.518865931863727747e+04
5.522873947895791207e+04
5.526881963927856123e+04
5.530889979959919583e+04
5.534897995991983771e+04
5.538906012024047959e+04
5.542914028056112147e+04
5.546922044088176335e+04
5.550930060120240523e+04
5.554938076152304711e+04
5.558946092184368899e+04
5.562954108216433087e+04
5.566962124248497275e+04
5.570970140280561463e+04
5.574978156312624924e+04
5.578986172344689840e+04
5.582994188376753300e+04
5.587002204408817488e+04
5.591010220440881676e+04
5.595018236472945864e+04
5.599026252505010052e+04
5.603034268537074240e+04
5.607042284569138428e+04
5.611050300601202616e+04
5.615058316633266804e+04
5.619066332665330265e+04
5.623074348697395180e+04
5.627082364729458641e+04
5.631090380761522829e+04
5.635098396793587017e+04
5.639106412825651205e+04
5.643114428857715393e+04
5.647122444889779581e+04
5.651130460921843769e+04
5.655138476953907957e+04
5.659146492985972145e+04
5.663154509018036333e+04
5.667162525050100521e+04
5.671170541082163982e+04
5.675178557114228897e+04
5.679186573146292358e+04
5.683194589178357273e+04
5.687202605210420734e+04
5.691210621242484922e+04
5.695218637274549110e+04
5.699226653306613298e+04
5.703234669338677486e+04
5.707242685370741674e+04
5.711250701402805862e+04
5.715258717434869322e+04
5.719266733466934238e+04
5.723274749498997699e+04
5.727282765531062614e+04
5.731290781563126075e+04
5.735298797595190263e+04
5.739306813627254451e+04
5.743314829659318639e+04
5.747322845691382827e+04
5.751330861723447015e+04
5.755338877755511203e+04
5.759346893787574663e+04
5.763354909819639579e+04
5.767362925851703039e+04
5.771370941883767955e+04
5.775378957915831415e+04
5.779386973947896331e+04
5.783394989979959792e+04
5.787403006012023980e+04
5.791411022044088168e+04
5.795419038076152356e+04
5.799427054108216544e+04
5.803435070140280732e+04
5.807443086172344920e+04
5.811451102204408380e+04
5.815459118236473296e+04
5.819467134268536756e+04
5.823475150300601672e+04
5.827483166332665132e+04
5.831491182364729320e+04
5.835499198396793508e+04
5.839507214428857696e+04
5.843515230460921885e+04
5.847523246492986073e+04
5.851531262525050261e+04
5.855539278557114449e+04
5.859547294589178637e+04
5.863555310621242097e+04
5.867563326653307013e+04
5.871571342685370473e+04
5.875579358717435389e+04
5.879587374749498849e+04
5.883595390781563037e+04
5.887603406813627225e+04
5.891611422845691413e+04
5.895619438877755601e+04
5.899627454909819789e+04
5.903635470941883978e+04
5.907643486973947438e+04
5.911651503006012354e+04
5.915659519038075814e+04
5.919667535070140730e+04
5.923675551102204190e+04
5.927683567134269106e+04
5.931691583166332566e+04
5.935699599198396754e+04
5.939707615230460942e+04
5.943715631262525130e+04
5.947723647294589318e+04
5.951731663326653506e+04
5.955739679358717694e+04
5.959747695390781155e+04
5.963755711422846070e+04
5.967763727454909531e+04
5.971771743486974447e+04
5.975779759519037907e+04
5.979787775551102095e+04
5.983795791583166283e+04
5.987803807615230471e+04
5.991811823647294659e+04
5.995819839679358847e+04
5.999827855711423035e+04
6.003835871743486496e+04
6.007843887775551411e+04
6.011851903807614872e+04
6.015859919839679787e+04
6.019867935871743248e+04
6.023875951903808163e+04
6.027883967935871624e+04
6.031891983967935812e+04
6.035900000000000000e+04
