3.377278678099973359e-03
3.496190550240481799e-03
3.478960447815045588e-03
3.362157432260210865e-03
3.219735198832138299e-03
3.136186043522511992e-03
3.173905277060603061e-03
3.348541660292589286e-03
3.622334845402527120e-03
3.917663806105639752e-03
4.145659099036708845e-03
4.240131483125980476e-03
4.185257447104172648e-03
4.026508514869662353e-03
3.859149609019578778e-03
3.796722101199497337e-03
3.929835318575546597e-03
4.289483369979713717e-03
4.828001270775845490e-03
5.426250595270773296e-03
5.928795357820697276e-03
6.199316291594504473e-03
6.177714454243156059e-03
5.914549211477713661e-03
5.564947793595385363e-03
5.342359913494012721e-03
5.451437986544677497e-03
6.026346102442029819e-03
7.093243074322785717e-03
8.561994150852417218e-03
1.024292587275879400e-02
1.188330866087410585e-02
1.322082033346703295e-02
1.405043614080437285e-02
1.429331882272729184e-02
1.404469020557066669e-02
1.357265217130097269e-02
1.325189073515283845e-02
1.344419866347532078e-02
1.436604596041200603e-02
1.599394456783059457e-02
1.804653039025493066e-02
2.005734538011587353e-02
2.152379258680214152e-02
2.208878075472742869e-02
2.168801114871245911e-02
2.059435960674260366e-02
1.932643727879298709e-02
1.845140698167032495e-02
1.836568697856839905e-02
1.914661172300858097e-02
2.053118381790226474e-02
2.202278188524650973e-02
2.308256147594930224e-02
2.333935465485765040e-02
2.274679521392006243e-02
2.162885562762337580e-02
2.058871097771369785e-02
2.030453097379127103e-02
2.127862447963934853e-02
2.362447585337955347e-02
2.696840383356911494e-02
3.051713324163531083e-02
3.329899779586988073e-02
3.452009654045331416e-02
3.390632734835747480e-02
3.187791363921266274e-02
2.946475599192536002e-02
2.799521218914329673e-02
2.869530978078614972e-02
3.234992585249712310e-02
3.910841554108632212e-02
4.843454343286453245e-02
5.916874287957706036e-02
6.969612676441477861e-02
7.824821621785854608e-02
8.334938419196753767e-02
8.432800291139334881e-02
8.169685454788763734e-02
7.717139598590350147e-02
7.321182873345187525e-02
7.220267921591227989e-02
7.557733139531454258e-02
8.323332839822583651e-02
9.346915975309552649e-02
1.034923040535883215e-01
1.103656061829192264e-01
1.120894165470219944e-01
1.084024601561185686e-01
1.009272682800000515e-01
9.254525200605707991e-02
8.625660255200899573e-02
8.403193305111479605e-02
8.613647049672737421e-02
9.115109190100005587e-02
9.661432905069487764e-02
1.000130781233805471e-01
9.977856273190728598e-02
9.595824842199310312e-02
9.032218169917780037e-02
8.583267433377234079e-02
8.562251925826765142e-02
9.180170212540683661e-02
1.044843706240737996e-01
1.214024669729058120e-01
1.383609883946610164e-01
1.505513147942307561e-01
1.543629888090911617e-01
1.489822778968502570e-01
1.370293314720739952e-01
1.239069696868968923e-01
1.161822912278244607e-01
1.197376230116946189e-01
1.383358904493005859e-01
1.728087036669201104e-01
2.207172256246417441e-01
2.763499740431574758e-01
3.312336332838682340e-01
3.755676113039014274e-01
4.007636029082118911e-01
4.025318418357142769e-01
3.831781529297904054e-01
3.516806609629355429e-01
3.210234964998962548e-01
3.036795457473810411e-01
3.070986516955400147e-01
3.310047266421298207e-01
3.674693915557680213e-01
4.037119183275051926e-01
4.267094851823789448e-01
4.280279278907777041e-01
4.069817851111736107e-01
3.707026398034372061e-01
3.310228766989071758e-01
2.996236144390223566e-01
2.836654076240047173e-01
2.836607509742464783e-01
2.941089251508550717e-01
3.062557656629461555e-01
3.117718575227880762e-01
3.060992892152681333e-01
2.904354922839789688e-01
2.717026448727651866e-01
2.604103302905146911e-01
2.669632900312641222e-01
2.974878847783566371e-01
3.505299529191186481e-01
4.159960308453194422e-01
4.773262295119229393e-01
5.168344925723882266e-01
5.225496462273064857e-01
4.936495251539368412e-01
4.418667335762555548e-01
3.882506578909030170e-01
3.570801563888678642e-01
3.697335332751910952e-01
4.403160997441246671e-01
5.729571478571712229e-01
7.597438915334585596e-01
9.791569676376269404e-01
1.196779199006075878e+00
1.370932603628557622e+00
1.464088109097311019e+00
1.456814226680614999e+00
1.357585194379987259e+00
1.202273445368577276e+00
1.042148312149254741e+00
9.254302438554444787e-01
8.805677085861232101e-01
9.078248427494647332e-01
9.814894337982084105e-01
1.060955034171724432e+00
1.106343579853529269e+00
1.093040724374287676e+00
1.019681828888805653e+00
9.064907113562229446e-01
7.851321275574587588e-01
6.851917420866592279e-01
6.235017653389262060e-01
6.002522442247334444e-01
6.020735900733776846e-01
6.095149011512646098e-01
6.055901174478668381e-01
5.826724864877633747e-01
5.459498201853751898e-01
5.125132954503360816e-01
5.060811172887924592e-01
5.484432648729280491e-01
6.498382322835739577e-01
8.014685577990346976e-01
9.738111221153387120e-01
1.123338583946939417e+00
1.206989084991195949e+00
1.199213392169420356e+00
1.103797612749794821e+00
9.547112567353791546e-01
8.062647584248611166e-01
7.184602358934698563e-01
7.441995163639717470e-01
9.207582711880224480e-01
1.262924482989760122e+00
1.754463251907750765e+00
2.339460778158926946e+00
2.921628377383861608e+00
3.380932860532836592e+00
3.608826496005903106e+00
3.549568692141872539e+00
3.226266864600781936e+00
2.735324082714574168e+00
2.210202849495448429e+00
1.772512583452657831e+00
1.493359949856005509e+00
1.379227484445841645e+00
1.382910269877094978e+00
1.430352941483277185e+00
1.451262494322008934e+00
1.402805060319834540e+00
1.279342122587954211e+00
1.106595626254671449e+00
9.248721422037762263e-01
7.701622284401670182e-01
6.614695890629727071e-01
5.981078329595030940e-01
5.653169738445925629e-01
5.436752063762673171e-01
5.180877146281698264e-01
4.839660489219931305e-01
4.496865675431507281e-01
4.349602948751626341e-01
4.649605757244369975e-01
5.607552181486963327e-01
7.281439986218185556e-01
9.490229703667560912e-01
1.180495374417783072e+00
1.365179560762767919e+00
1.450885456504693805e+00
1.411630856405214018e+00
1.259732071988160396e+00
1.043309231443932505e+00
8.322212592618665195e-01
7.013380198845993174e-01
7.183084887019243192e-01
9.354527987886673834e-01
1.379402406792308300e+00
2.034235233665532050e+00
2.823944732397162038e+00
3.609944924539731481e+00
4.218090108778503655e+00
4.493539909925203801e+00
4.360243864326085905e+00
3.852501648710459747e+00
3.099417630799641721e+00
2.270988716736267232e+00
1.516115451614412857e+00
9.228264693727044055e-01
5.126163968907763158e-01
2.602111274482598047e-01
1.209222002006665603e-01
5.156665913059105960e-02
2.023663790671766105e-02
7.322627594285396023e-03
2.431339572907907989e-03
7.132928808771202972e-04
1.471118061158922807e-04
-2.972738835598296011e-05
-8.132046318425795747e-05
-9.336879555920593327e-05
-9.278067274032280242e-05
-8.805943369322748106e-05
-8.204410608910191562e-05
-7.582629712055949486e-05
-6.984858840706182985e-05
-6.425140617040787309e-05
-5.910013901570320501e-05
-5.442545992402720244e-05
-5.018327983581686934e-05
-4.633012459099437359e-05
-4.285821138350811834e-05
-3.972444565929379175e-05
-3.687167833000106946e-05
-3.428886902086389685e-05
-3.195680679572942385e-05
-2.982474391121156323e-05
-2.787643718399389017e-05
-2.611199875747975997e-05
-2.449522895149734323e-05
-2.300225801062555746e-05
-2.164184747142099992e-05
-2.039587478484747239e-05
-1.923532507077863925e-05
-1.816723310943395449e-05
-1.719047920687065347e-05
-1.627699427498244678e-05
-1.542530534461718404e-05
-1.464596725862132372e-05
-1.391850988247287719e-05
-1.323126866477852884e-05
-1.259866370744300070e-05
-1.201213182329868041e-05
-1.145291945240632669e-05
-1.093166033014791458e-05
-1.045198283634214968e-05
-9.994081906222939879e-06
-9.559796518604768615e-06
-9.161227396056678695e-06
-8.783841841743894959e-06
-8.419737751313151761e-06
-8.083306498887434546e-06
-7.769429175739483640e-06
-7.463471098196685888e-06
-7.175835204473599188e-06
-6.911339464384149149e-06
-6.654078270546454527e-06
-6.406342242863437114e-06
-6.179817584642112750e-06
-5.962980293160964107e-06
-5.749355852343680979e-06
-5.552202998410401905e-06
-5.368071826791301969e-06
-5.184496471820778830e-06
-5.010888297441299893e-06
-4.852340958224156079e-06
-4.695297103765425495e-06
-4.541789127845600955e-06
-4.402728263847076924e-06
-4.268495332597645577e-06
-4.133281707592773683e-06
-4.009116415719232842e-06
-3.893568443603516335e-06
-3.775558472828098826e-06
-3.663444556876094433e-06
-3.562334832780872377e-06
-3.460314527053676906e-06
-3.358996775945849289e-06
-3.268520164435545196e-06
-3.180639995632167807e-06
-3.089918071278716894e-06
-3.007269187135096802e-06
-2.930980848991454563e-06
-2.850974785574563000e-06
-2.774651141604026808e-06
-2.707053785088308958e-06
-2.637521458452528481e-06
-2.567239850379904537e-06
-2.505654013149826092e-06
-2.445588096482196745e-06
-2.381842007615894835e-06
-2.324360221476780179e-06
-2.271981285803641774e-06
-2.215406153123425172e-06
-2.161195904636880812e-06
-2.114307767820294378e-06
-2.065089067627387750e-06
-2.014332202625507209e-06
-1.970874111731914660e-06
-1.928408616110894351e-06
-1.881907159518611975e-06
-1.840473685103448070e-06
-1.803390796611260724e-06
-1.761996162937554593e-06
-1.722120828272325279e-06
-1.688631378511873574e-06
-1.652715263016178396e-06
-1.614814539082143872e-06
-1.583233187464003739e-06
-1.552393986883276798e-06
-1.517403148731176475e-06
-1.486632655433853307e-06
-1.459734187018052817e-06
-1.428583249920885411e-06
-1.398373614098434362e-06
-1.373883096048853656e-06
-1.347016276532154741e-06
-1.317906225243539487e-06
-1.294386576996986213e-06
-1.271504124010384361e-06
-1.244477973268247436e-06
-1.221037233268611196e-06
-1.201146729349442409e-06
-1.177147370084934552e-06
-1.153672932977464508e-06
-1.135415882203382540e-06
-1.114904286906907159e-06
-1.091999115293089867e-06
-1.074115083866274985e-06
-1.056841699580508685e-06
-1.035497183685360748e-06
-1.017240809880832201e-06
-1.002306987683396302e-06
-9.834468331453535352e-07
-9.647983532333299603e-07
-9.509721104050371023e-07
-9.350461356891861413e-07
-9.166413514409385764e-07
-9.027958029313917935e-07
-8.895769330556123657e-07
-8.723930096013358488e-07
-8.578937190193816545e-07
-8.465480536916917616e-07
-8.314740244916398452e-07
-8.163674942041965213e-07
-8.057601178519784924e-07
-7.932207719170129525e-07
-7.781579891131647519e-07
-7.672680462715558712e-07
-7.570435644210369626e-07
-7.429767085537058836e-07
-7.312577081472496853e-07
-7.225613395866108871e-07
-7.103377356425160838e-07
-6.978857400071476508e-07
-6.896605235664716940e-07
-6.796733664884521154e-07
-6.671442958366766919e-07
-6.584568810566802649e-07
-6.504851831596823268e-07
-6.388010168450742983e-07
-6.291772640296688655e-07
-6.224703371655552824e-07
-6.124340608257295882e-07
-6.020085674085494728e-07
-5.955744176476225587e-07
-5.875449702755327850e-07
-5.769724711037961861e-07
-5.699521836552423700e-07
-5.637028024200597305e-07
-5.538728394225487890e-07
-5.458535395789886902e-07
-5.406623836187615788e-07
-5.323332926572715540e-07
-5.234805047177800091e-07
-5.184113603899511037e-07
-5.119072746246111419e-07
-5.028708128622987936e-07
-4.971295948990192386e-07
-4.922155722124392258e-07
-4.838519152454807292e-07
-4.770787948928645241e-07
-4.730570034315979717e-07
-4.660807247900879622e-07
-4.584666680826930591e-07
-4.544499337585158517e-07
-4.491509507377698530e-07
-4.413385303179882068e-07
-4.365902884933086596e-07
-4.327243797700891386e-07
-4.255372591970297042e-07
-4.197444128035671757e-07
-4.166344337164953029e-07
-4.107449120051506632e-07
-4.041197571604332417e-07
-4.009224661064891059e-07
-3.965874289657599346e-07
-3.897638205327032598e-07
-3.857944306708346804e-07
-3.827600501684095691e-07
-3.765295412589568978e-07
-3.715166826464330083e-07
-3.691241782360655158e-07
-3.641185581549618894e-07
-3.582926708059408494e-07
-3.557387630374636789e-07
-3.521833695170776812e-07
-3.461686359020918429e-07
-3.428156821846357143e-07
-3.404472131141520457e-07
-3.350039962413324041e-07
-3.306182681507529609e-07
-3.287946456306907102e-07
-3.245160742247499184e-07
-3.193436019810774853e-07
-3.172983477270525847e-07
-3.143798276185186463e-07
-3.090344991431192627e-07
-3.061732998057973162e-07
-3.043424719433675935e-07
-2.995544768165589680e-07
-2.956778406268473788e-07
-2.943081312300220037e-07
-2.906337752798667646e-07
-2.860012110201735113e-07
-2.843603602987923765e-07
-2.819667511739211126e-07
-2.771814244086650497e-07
-2.747152351284601572e-07
-2.733215380704430539e-07
-2.690845024253812139e-07
-2.656248272615021581e-07
-2.646191057006684390e-07
-2.614516280723960430e-07
-2.572696758444421506e-07
-2.559517506254771408e-07
-2.539942509466773984e-07
-2.496821628326625079e-07
-2.475351984230761782e-07
-2.464990342240513121e-07
-2.427297366652711636e-07
-2.396144224822181461e-07
-2.389016585128817658e-07
-2.361630778593178994e-07
