6.428873041402570867e-05
7.094412083736168634e-05
6.721331250660848996e-05
5.341481227501677329e-05
3.130601187719439277e-05
3.861462688625676523e-06
-2.512649551789088940e-05
-5.157139077664821416e-05
-7.166845063768421075e-05
-8.244165281949524459e-05
-8.218354682887426437e-05
-7.072312801010978932e-05
-4.948026001641561217e-05
-2.129472051007912016e-05
9.950200095575089700e-06
3.985997792073669749e-05
6.414428466088764982e-05
7.922958264815939812e-05
8.278163082649014426e-05
7.406177330499360200e-05
5.406306363453480303e-05
2.540257056588901143e-05
-8.019540824370905465e-06
-4.155015440656855210e-05
-7.043078791142256341e-05
-9.047272286396849570e-05
-9.866412288289945595e-05
-9.362141423862924182e-05
-7.581767185004849112e-05
-4.755119234601635163e-05
-1.265370324762676044e-05
2.402529611361357368e-05
5.728899876371184197e-05
8.232612953855124273e-05
9.540306768327502177e-05
9.441596501390675251e-05
7.922158099043401843e-05
5.169548016992075735e-05
1.550404764777651477e-05
-2.438275473045223559e-05
-6.237355238173543912e-05
-9.303932156974349102e-05
-1.118891718736056244e-04
-1.160275877162427708e-04
-1.045973048571820891e-04
-7.894065451331945093e-05
-4.245097614266444300e-05
-1.292582340822993427e-07
4.209659121798497403e-05
7.819755289133506102e-05
1.028996604866022651e-04
1.124492596072638480e-04
1.051766897709817980e-04
8.177426217961815110e-05
4.524343542278333301e-05
5.122945792234621979e-07
-4.622861904917295123e-05
-8.838306508199713469e-05
-1.198802477856161059e-04
-1.360492623153949758e-04
-1.343112786470175373e-04
-1.145873932139662357e-04
-7.935855554887023442e-05
-3.336225405957388536e-05
1.703795657044697757e-05
6.472673631891107929e-05
1.028353684870112633e-04
1.257246051615749222e-04
1.298117352097377837e-04
1.141210806756269867e-04
8.047411925636735691e-05
3.328507587398676465e-05
-2.101668971202669153e-05
-7.486262947126188767e-05
-1.206004732050029911e-04
-1.515824951861336205e-04
-1.631322864782708704e-04
-1.532499715022858677e-04
-1.229502577330810864e-04
-7.617787439828419232e-05
-1.930401411131612985e-05
3.973288596050513258e-05
9.252678475221168752e-05
1.313923219828016186e-04
1.504743005063879989e-04
1.466187710805211546e-04
1.198768512504590537e-04
7.356210158149019288e-05
1.384425019154856141e-05
-5.107226972754796989e-05
-1.120763962246880310e-04
-1.604306800593893159e-04
-1.890244194171652895e-04
-1.934206080868072005e-04
-1.725433098590801171e-04
-1.289001315179682714e-04
-6.829851333984543319e-05
9.141968955663088974e-07
6.898846512605159040e-05
1.261338049238696431e-04
1.639141878415948479e-04
1.764794715446372695e-04
1.614539004273367101e-04
1.203478350387013714e-04
5.842398011494073139e-05
-1.597434181812081185e-05
-9.254850704169497572e-05
-1.604727015250834307e-04
-2.099276637467248168e-04
-2.335236263666127317e-04
-2.274071729715606584e-04
-1.918873615342882527e-04
-1.314814369480606841e-04
-5.436103508572407702e-05
2.873516657182663273e-05
1.059788873963651921e-04
1.661175451185342646e-04
2.000939612951627036e-04
2.023883624715887828e-04
1.718850315585258512e-04
1.121293644111629037e-04
3.092503763344371735e-05
-6.068600514944220758e-05
-1.499290368272004491e-04
-2.240835523517248806e-04
-2.723030535492407234e-04
-2.872085241586358798e-04
-2.660228700114502880e-04
-2.110737589019741573e-04
-1.295784551505036158e-04
-3.272472689947564342e-05
6.583727974773350951e-05
1.518905199698964965e-04
2.126721495279354295e-04
2.387343822842448904e-04
2.253753332830789942e-04
1.734250467211481369e-04
8.925885608466533391e-05
-1.598248134437123925e-05
-1.278736010436530264e-04
-2.306916131258265488e-04
-3.096376373951746489e-04
-3.529807631892902193e-04
-3.538157514549723033e-04
-3.111733125298697515e-04
-2.303078061726546632e-04
-1.221004166165221374e-04
-1.640787820025973521e-06
1.138307700721355610e-04
2.073422269997744543e-04
2.646327740634200746e-04
2.762703800239981193e-04
2.391319902026090472e-04
1.570173956838708050e-04
4.028575223026136843e-05
-9.545928360388250674e-05
-2.314728664714614569e-04
-3.484804114201645086e-04
-4.294363918817363165e-04
-4.620386364366898179e-04
-4.406304388302532916e-04
-3.672002755236493409e-04
-2.513101445038671829e-04
-1.089324064617452225e-04
3.966897418923940314e-05
1.727358355343327535e-04
2.701094392244729665e-04
3.161841073709284532e-04
3.022918484599988157e-04
2.281578507008662411e-04
1.021893563099136285e-04
-5.947912951800211505e-05
-2.350849117145778987e-04
-4.002134347435278646e-04
-5.312502801980623817e-04
-6.088260912603906576e-04
-6.207572763091675962e-04
-5.640419037953297438e-04
-4.455919302732714031e-04
-2.815544912818129146e-04
-9.527347469039657620e-05
8.585958970650620732e-05
2.342475700757761176e-04
3.260905492988090920e-04
3.449755152286160882e-04
2.845184812495364667e-04
1.496424970913996062e-04
-4.374275394556373175e-05
-2.706713536527622917e-04
-5.004404543827094091e-04
-7.008878892582659547e-04
-8.430421756981006098e-04
-9.054823597184894672e-04
-8.777613054799185020e-04
-7.623563563258806434e-04
-5.748036768476788485e-04
-3.419226406097160818e-04
-9.831066063302331488e-05
1.184516992366975907e-04
2.732387765987269782e-04
3.386926969916273663e-04
2.996273700742546706e-04
1.558379540680508322e-04
-7.716719801210492405e-05
-3.697122493133163704e-04
-6.816514369399187317e-04
-9.677687136716571796e-04
-1.184154787849175201e-03
-1.294653297921449222e-03
-1.276406903204246965e-03
-1.123610900306780446e-03
-8.487925685208382769e-04
-4.812551123893027112e-04
-6.271469996878473977e-05
3.594359545236244379e-04
7.404429892180562200e-04
1.047030879417300492e-03
1.265597098239571458e-03
1.408653020169443534e-03
1.518640219358076762e-03
1.668645802829370542e-03
1.960044877153668472e-03
2.517646105164430236e-03
3.483428565176108389e-03
5.010353331058359921e-03
7.257938530493628429e-03
1.039124868910926494e-02
1.458464290709094932e-02
2.003106115510064691e-02
2.695684925151346084e-02
3.564120996085098914e-02
4.643842551316998413e-02
5.980014623676706276e-02
7.629440273563903308e-02
9.661768309493805329e-02
1.215965015706080982e-01
1.521754102830812083e-01
1.893893612944624050e-01
2.343196525909183037e-01
2.880342793365325837e-01
3.515152136747930478e-01
4.255767797491566973e-01
5.107806957918281654e-01
6.073543548904695166e-01
7.151193749297831692e-01
8.334372791302290251e-01
9.611783448374995320e-01
1.096718219198537625e+00
1.237964950472039360e+00
1.382416783884948153e+00
1.527248623793627136e+00
1.669422693995147977e+00
1.805816859152403975e+00
1.933362502349566414e+00
2.049182941752924147e+00
2.150723206654718833e+00
2.235862601439909891e+00
2.303002812253674314e+00
2.351126232860861531e+00
2.379821523809860562e+00
2.389275954361446797e+00
2.380236575387299602e+00
2.353944507106748851e+00
2.312048402421677196e+00
2.256504319181211304e+00
2.189469721284328596e+00
2.113199117973770580e+00
2.029948001391483459e+00
1.941890373979461071e+00
1.851053435525553015e+00
1.759271117556833408e+00
1.668156308850215375e+00
1.579089992602552339e+00
1.493224261022740640e+00
1.411495385445102890e+00
1.334642840888120796e+00
1.263230395910204029e+00
1.197666010736072373e+00
1.138218225572417142e+00
1.085027826367215287e+00
1.038114697272972231e+00
9.973807667304814828e-01
9.626107111593088517e-01
9.334725176428954052e-01
9.095200901547393357e-01
8.901998244001301241e-01
8.748625280990275366e-01
8.627813137569226853e-01
8.531752478347774948e-01
8.452377184233084151e-01
8.381677897325474635e-01
8.312023317569255942e-01
8.236465026810740886e-01
8.149002392971033126e-01
8.044787595490432430e-01
7.920256510868055599e-01
7.773178350828380268e-01
7.602624656419357807e-01
7.408865592879556594e-01
7.193207625052070453e-01
6.957790932680544271e-01
6.705366959996678089e-01
6.439076190190212712e-01
6.162243789007456618e-01
5.878206619504895425e-01
5.590179918616339227e-01
5.301166362961219347e-01
5.013905047626807665e-01
4.730853672444536584e-01
4.454194420735951288e-01
4.185852853747740743e-01
3.927519624663627917e-01
3.680666715477759476e-01
3.446552819305068183e-01
3.226215920126785930e-01
3.020454516494470165e-01
2.829801791559223845e-01
2.654498953448557463e-01
2.494474719225802106e-01
2.349337436519106648e-01
2.218384754653089375e-01
2.100633352056280601e-01
1.994868387700229617e-01
1.899709509109539229e-01
1.813687840657364214e-01
1.735326741362655245e-01
1.663218487656757394e-01
1.596089480333537924e-01
1.532848016979563854e-01
1.472610892394580206e-01
1.414707765621503188e-01
1.358664982643799923e-01
1.304172986857171923e-01
1.251043255986392377e-01
1.199161642624648472e-01
1.148444961988290686e-01
1.098806699641762669e-01
1.050135969132036245e-01
1.002291603878830567e-01
9.551108519914361383e-02
9.084299047586166798e-02
8.621117430361079081e-02
8.160757667342091737e-02
7.703235081449943955e-02
7.249554225057928958e-02
6.801751794111698945e-02
6.362798242724966580e-02
5.936363486964760933e-02
5.526472845956180435e-02
5.137096201797109601e-02
4.771723887084652199e-02
4.432985584849243044e-02
4.122363228427473880e-02
3.840036346956002961e-02
3.584880360099557128e-02
3.354617567906346964e-02
3.146099958088611342e-02
2.955685358159265350e-02
2.779656327019135870e-02
2.614626146521855168e-02
2.457878959810944411e-02
2.307601043066147273e-02
2.162975915911755781e-02
2.024135230491510076e-02
1.891977406880584675e-02
1.767884006297552185e-02
1.653377374945902423e-02
1.549770331808951983e-02
1.457858699824206815e-02
1.377700398040831997e-02
1.308511720059610250e-02
1.248694242715253470e-02
1.195987004298339901e-02
1.147720821691851183e-02
1.101137357052989728e-02
1.053726748343128058e-02
1.003535444517911213e-02
9.494005534867896307e-03
8.910777764961770944e-03
8.292452797073487578e-03
7.653834443482945664e-03
7.015478465932993048e-03
6.400676091645410119e-03
5.832113968820321591e-03
5.328674332765344183e-03
4.902814896275557374e-03
4.558882557008577495e-03
4.292581079233901732e-03
4.091649742390726305e-03
3.937640700419022324e-03
3.808531190826058930e-03
3.681793755572581109e-03
3.537488628948883516e-03
3.360945031052060827e-03
3.144661202615858971e-03
2.889167104344947390e-03
2.602742239062452029e-03
2.300042868030808662e-03
1.999845197763165314e-03
1.722232711369623337e-03
1.485630042259223401e-03
1.304102782888560963e-03
1.185300646531442991e-03
1.129326983560436596e-03
1.128684588994012875e-03
1.169295076733781538e-03
1.232438427182686340e-03
1.297331719239270880e-03
1.343979163655186328e-03
1.355891110195704252e-03
1.322291990838276405e-03
1.239512485410383669e-03
1.111378469391140645e-03
9.485516817682320984e-04
7.669243451100892601e-04
5.853015052511098158e-04
4.227023700662649102e-04
2.956620937958837959e-04
2.159117108154303061e-04
1.887573158351701192e-04
2.123785509588077840e-04
2.781355664501432940e-04
3.718314840391809002e-04
4.757440188422919886e-04
5.711339022254638626e-04
6.408736823785650318e-04
6.718269428529122147e-04
6.566463993615354738e-04
5.947438525519984070e-04
4.923033302805608549e-04
3.613440626301295320e-04
2.179730914837380332e-04
8.007969237986923498e-05
-3.520017513393474068e-05
-1.138917996502252791e-04
-1.471254391986871420e-04
-1.323472197958503827e-04
-7.363363439213235003e-05
1.892688037738666490e-05
1.306907264939736601e-04
2.445430029966379920e-04
3.433110324013052784e-04
4.121664222129266188e-04
4.406789728654202337e-04
4.242373309287244165e-04
3.646423977909308742e-04
2.697970482776923420e-04
1.525430060999032088e-04
2.881485119898579667e-05
-8.462452445421620188e-05
-1.725461567750934068e-04
-2.233829678185840061e-04
-2.308269543921383736e-04
-1.946758745026497945e-04
-1.208166388660863658e-04
-2.035451716219198584e-05
9.198306293650232663e-05
1.999386603542221866e-04
2.880157009949645217e-04
3.436453188148367341e-04
3.589262482826392655e-04
3.316970247969450885e-04
2.657951812415855269e-04
1.704732012642854626e-04
5.905943046356859031e-05
-5.294266564219698361e-05
-1.500462124026172024e-04
-2.189541396154795418e-04
-2.504093117249952573e-04
-2.404645219227466598e-04
-1.909985089657202401e-04
-1.094111227840476183e-04
-7.546324963906619269e-06
1.000003929175790387e-04
1.979484201733503325e-04
2.724798420435640034e-04
3.131669118120876155e-04
3.144104711785192089e-04
2.761910763410825565e-04
2.040323407220393014e-04
1.081871538979595204e-04
2.166309538232361458e-06
-9.917956843422084305e-05
-1.817527527795442430e-04
-2.341811423624748627e-04
-2.493951988558920597e-04
-2.255906792401297857e-04
-1.664463571800910309e-04
-8.057126703322033600e-05
1.973580335624106123e-05
1.202359831919447189e-04
2.067603848851520484e-04
2.671969623285755857e-04
2.931757102263592889e-04
2.812179035985509648e-04
2.331917760294852440e-04
1.560153172030217324e-04
6.065281689092232552e-05
-3.944950607660833509e-05
-1.302657624896309374e-04
