7.750000000000000000e+03	6.428873041402570867e-05
7.790080160320640971e+03	7.094412083736168634e-05
7.830160320641282851e+03	6.721331250660848996e-05
7.870240480961923822e+03	5.341481227501677329e-05
7.910320641282564793e+03	3.130601187719439277e-05
7.950400801603206673e+03	3.861462688625676523e-06
7.990480961923847644e+03	-2.512649551789088940e-05
8.030561122244488615e+03	-5.157139077664821416e-05
8.070641282565130496e+03	-7.166845063768421075e-05
8.110721442885771467e+03	-8.244165281949524459e-05
8.150801603206412437e+03	-8.218354682887426437e-05
8.190881763527054318e+03	-7.072312801010978932e-05
8.230961923847695289e+03	-4.948026001641561217e-05
8.271042084168337169e+03	-2.129472051007912016e-05
8.311122244488977231e+03	9.950200095575089700e-06
8.351202404809619111e+03	3.985997792073669749e-05
8.391282565130260991e+03	6.414428466088764982e-05
8.431362725450901053e+03	7.922958264815939812e-05
8.471442885771542933e+03	8.278163082649014426e-05
8.511523046092184813e+03	7.406177330499360200e-05
8.551603206412824875e+03	5.406306363453480303e-05
8.591683366733466755e+03	2.540257056588901143e-05
8.631763527054108636e+03	-8.019540824370905465e-06
8.671843687374748697e+03	-4.155015440656855210e-05
8.711923847695390577e+03	-7.043078791142256341e-05
8.752004008016032458e+03	-9.047272286396849570e-05
8.792084168336674338e+03	-9.866412288289945595e-05
8.832164328657314400e+03	-9.362141423862924182e-05
8.872244488977956280e+03	-7.581767185004849112e-05
8.912324649298596341e+03	-4.755119234601635163e-05
8.952404809619238222e+03	-1.265370324762676044e-05
8.992484969939880102e+03	2.402529611361357368e-05
9.032565130260521983e+03	5.728899876371184197e-05
9.072645290581162044e+03	8.232612953855124273e-05
9.112725450901803924e+03	9.540306768327502177e-05
9.152805611222443986e+03	9.441596501390675251e-05
9.192885771543085866e+03	7.922158099043401843e-05
9.232965931863727747e+03	5.169548016992075735e-05
9.273046092184369627e+03	1.550404764777651477e-05
9.313126252505009688e+03	-2.438275473045223559e-05
9.353206412825651569e+03	-6.237355238173543912e-05
9.393286573146291630e+03	-9.303932156974349102e-05
9.433366733466933510e+03	-1.118891718736056244e-04
9.473446893787575391e+03	-1.160275877162427708e-04
9.513527054108217271e+03	-1.045973048571820891e-04
9.553607214428857333e+03	-7.894065451331945093e-05
9.593687374749499213e+03	-4.245097614266444300e-05
9.633767535070141093e+03	-1.292582340822993427e-07
9.673847695390781155e+03	4.209659121798497403e-05
9.713927855711423035e+03	7.819755289133506102e-05
9.754008016032064916e+03	1.028996604866022651e-04
9.794088176352704977e+03	1.124492596072638480e-04
9.834168336673346857e+03	1.051766897709817980e-04
9.874248496993986919e+03	8.177426217961815110e-05
9.914328657314628799e+03	4.524343542278333301e-05
9.954408817635270680e+03	5.122945792234621979e-07
9.994488977955912560e+03	-4.622861904917295123e-05
1.003456913827655262e+04	-8.838306508199713469e-05
1.007464929859719450e+04	-1.198802477856161059e-04
1.011472945891783638e+04	-1.360492623153949758e-04
1.015480961923847644e+04	-1.343112786470175373e-04
1.019488977955911832e+04	-1.145873932139662357e-04
1.023496993987976020e+04	-7.935855554887023442e-05
1.027505010020040027e+04	-3.336225405957388536e-05
1.031513026052104215e+04	1.703795657044697757e-05
1.035521042084168403e+04	6.472673631891107929e-05
1.039529058116232409e+04	1.028353684870112633e-04
1.043537074148296597e+04	1.257246051615749222e-04
1.047545090180360785e+04	1.298117352097377837e-04
1.051553106212424791e+04	1.141210806756269867e-04
1.055561122244488979e+04	8.047411925636735691e-05
1.059569138276553167e+04	3.328507587398676465e-05
1.063577154308617173e+04	-2.101668971202669153e-05
1.067585170340681361e+04	-7.486262947126188767e-05
1.071593186372745549e+04	-1.206004732050029911e-04
1.075601202404809737e+04	-1.515824951861336205e-04
1.079609218436873743e+04	-1.631322864782708704e-04
1.083617234468937932e+04	-1.532499715022858677e-04
1.087625250501001938e+04	-1.229502577330810864e-04
1.091633266533066126e+04	-7.617787439828419232e-05
1.095641282565130314e+04	-1.930401411131612985e-05
1.099649298597194502e+04	3.973288596050513258e-05
1.103657314629258508e+04	9.252678475221168752e-05
1.107665330661322696e+04	1.313923219828016186e-04
1.111673346693386702e+04	1.504743005063879989e-04
1.115681362725450890e+04	1.466187710805211546e-04
1.119689378757515078e+04	1.198768512504590537e-04
1.123697394789579266e+04	7.356210158149019288e-05
1.127705410821643272e+04	1.384425019154856141e-05
1.131713426853707460e+04	-5.107226972754796989e-05
1.135721442885771467e+04	-1.120763962246880310e-04
1.139729458917835655e+04	-1.604306800593893159e-04
1.143737474949899843e+04	-1.890244194171652895e-04
1.147745490981964031e+04	-1.934206080868072005e-04
1.151753507014028037e+04	-1.725433098590801171e-04
1.155761523046092225e+04	-1.289001315179682714e-04
1.159769539078156231e+04	-6.829851333984543319e-05
1.163777555110220419e+04	9.141968955663088974e-07
1.167785571142284607e+04	6.898846512605159040e-05
1.171793587174348795e+04	1.261338049238696431e-04
1.175801603206412801e+04	1.639141878415948479e-04
1.179809619238476989e+04	1.764794715446372695e-04
1.183817635270540995e+04	1.614539004273367101e-04
1.187825651302605183e+04	1.203478350387013714e-04
1.191833667334669371e+04	5.842398011494073139e-05
1.195841683366733560e+04	-1.597434181812081185e-05
1.199849699398797566e+04	-9.254850704169497572e-05
1.203857715430861754e+04	-1.604727015250834307e-04
1.207865731462925760e+04	-2.099276637467248168e-04
1.211873747494989948e+04	-2.335236263666127317e-04
1.215881763527054136e+04	-2.274071729715606584e-04
1.219889779559118324e+04	-1.918873615342882527e-04
1.223897795591182330e+04	-1.314814369480606841e-04
1.227905811623246518e+04	-5.436103508572407702e-05
1.231913827655310524e+04	2.873516657182663273e-05
1.235921843687374712e+04	1.059788873963651921e-04
1.239929859719438900e+04	1.661175451185342646e-04
1.243937875751503088e+04	2.000939612951627036e-04
1.247945891783567276e+04	2.023883624715887828e-04
1.251953907815631283e+04	1.718850315585258512e-04
1.255961923847695289e+04	1.121293644111629037e-04
1.259969939879759477e+04	3.092503763344371735e-05
1.263977955911823665e+04	-6.068600514944220758e-05
1.267985971943887853e+04	-1.499290368272004491e-04
1.271993987975952041e+04	-2.240835523517248806e-04
1.276002004008016047e+04	-2.723030535492407234e-04
1.280010020040080053e+04	-2.872085241586358798e-04
1.284018036072144241e+04	-2.660228700114502880e-04
1.288026052104208429e+04	-2.110737589019741573e-04
1.292034068136272617e+04	-1.295784551505036158e-04
1.296042084168336805e+04	-3.272472689947564342e-05
1.300050100200400811e+04	6.583727974773350951e-05
1.304058116232464818e+04	1.518905199698964965e-04
1.308066132264529006e+04	2.126721495279354295e-04
1.312074148296593194e+04	2.387343822842448904e-04
1.316082164328657382e+04	2.253753332830789942e-04
1.320090180360721570e+04	1.734250467211481369e-04
1.324098196392785576e+04	8.925885608466533391e-05
1.328106212424849582e+04	-1.598248134437123925e-05
1.332114228456913770e+04	-1.278736010436530264e-04
1.336122244488977958e+04	-2.306916131258265488e-04
1.340130260521042146e+04	-3.096376373951746489e-04
1.344138276553106334e+04	-3.529807631892902193e-04
1.348146292585170340e+04	-3.538157514549723033e-04
1.352154308617234528e+04	-3.111733125298697515e-04
1.356162324649298534e+04	-2.303078061726546632e-04
1.360170340681362723e+04	-1.221004166165221374e-04
1.364178356713426911e+04	-1.640787820025973521e-06
1.368186372745491099e+04	1.138307700721355610e-04
1.372194388777555105e+04	2.073422269997744543e-04
1.376202404809619293e+04	2.646327740634200746e-04
1.380210420841683299e+04	2.762703800239981193e-04
1.384218436873747487e+04	2.391319902026090472e-04
1.388226452905811675e+04	1.570173956838708050e-04
1.392234468937875863e+04	4.028575223026136843e-05
1.396242484969939869e+04	-9.545928360388250674e-05
1.400250501002004057e+04	-2.314728664714614569e-04
1.404258517034068063e+04	-3.484804114201645086e-04
1.408266533066132251e+04	-4.294363918817363165e-04
1.412274549098196439e+04	-4.620386364366898179e-04
1.416282565130260627e+04	-4.406304388302532916e-04
1.420290581162324634e+04	-3.672002755236493409e-04
1.424298597194388822e+04	-2.513101445038671829e-04
1.428306613226452828e+04	-1.089324064617452225e-04
1.432314629258517016e+04	3.966897418923940314e-05
1.436322645290581204e+04	1.727358355343327535e-04
1.440330661322645392e+04	2.701094392244729665e-04
1.444338677354709398e+04	3.161841073709284532e-04
1.448346693386773586e+04	3.022918484599988157e-04
1.452354709418837592e+04	2.281578507008662411e-04
1.456362725450901780e+04	1.021893563099136285e-04
1.460370741482965968e+04	-5.947912951800211505e-05
1.464378757515030156e+04	-2.350849117145778987e-04
1.468386773547094162e+04	-4.002134347435278646e-04
1.472394789579158351e+04	-5.312502801980623817e-04
1.476402805611222357e+04	-6.088260912603906576e-04
1.480410821643286545e+04	-6.207572763091675962e-04
1.484418837675350733e+04	-5.640419037953297438e-04
1.488426853707414921e+04	-4.455919302732714031e-04
1.492434869739479109e+04	-2.815544912818129146e-04
1.496442885771543115e+04	-9.527347469039657620e-05
1.500450901803607121e+04	8.585958970650620732e-05
1.504458917835671309e+04	2.342475700757761176e-04
1.508466933867735497e+04	3.260905492988090920e-04
1.512474949899799685e+04	3.449755152286160882e-04
1.516482965931863873e+04	2.845184812495364667e-04
1.520490981963927879e+04	1.496424970913996062e-04
1.524498997995991886e+04	-4.374275394556373175e-05
1.528507014028056074e+04	-2.706713536527622917e-04
1.532515030060120262e+04	-5.004404543827094091e-04
1.536523046092184450e+04	-7.008878892582659547e-04
1.540531062124248638e+04	-8.430421756981006098e-04
1.544539078156312644e+04	-9.054823597184894672e-04
1.548547094188376650e+04	-8.777613054799185020e-04
1.552555110220440838e+04	-7.623563563258806434e-04
1.556563126252505026e+04	-5.748036768476788485e-04
1.560571142284569214e+04	-3.419226406097160818e-04
1.564579158316633402e+04	-9.831066063302331488e-05
1.568587174348697408e+04	1.184516992366975907e-04
1.572595190380761414e+04	2.732387765987269782e-04
1.576603206412825602e+04	3.386926969916273663e-04
1.580611222444889790e+04	2.996273700742546706e-04
1.584619238476953979e+04	1.558379540680508322e-04
1.588627254509018167e+04	-7.716719801210492405e-05
1.592635270541082173e+04	-3.697122493133163704e-04
1.596643286573146361e+04	-6.816514369399187317e-04
1.600651302605210367e+04	-9.677687136716571796e-04
1.604659318637274555e+04	-1.184154787849175201e-03
1.608667334669338743e+04	-1.294653297921449222e-03
1.612675350701402749e+04	-1.276406903204246965e-03
1.616683366733466937e+04	-1.123610900306780446e-03
1.620691382765531125e+04	-8.487925685208382769e-04
1.624699398797595131e+04	-4.812551123893027112e-04
1.628707414829659319e+04	-6.271469996878473977e-05
1.632715430861723507e+04	3.594359545236244379e-04
1.636723446893787514e+04	7.404429892180562200e-04
1.640731462925851520e+04	1.047030879417300492e-03
1.644739478957915708e+04	1.265597098239571458e-03
1.648747494989979896e+04	1.408653020169443534e-03
1.652755511022044084e+04	1.518640219358076762e-03
1.656763527054108272e+04	1.668645802829370542e-03
1.660771543086172460e+04	1.960044877153668472e-03
1.664779559118236648e+04	2.517646105164430236e-03
1.668787575150300836e+04	3.483428565176108389e-03
1.672795591182364660e+04	5.010353331058359921e-03
1.676803607214428848e+04	7.257938530493628429e-03
1.680811623246493036e+04	1.039124868910926494e-02
1.684819639278557224e+04	1.458464290709094932e-02
1.688827655310621049e+04	2.003106115510064691e-02
1.692835671342685237e+04	2.695684925151346084e-02
1.696843687374749425e+04	3.564120996085098914e-02
1.700851703406813613e+04	4.643842551316998413e-02
1.704859719438877801e+04	5.980014623676706276e-02
1.708867735470941989e+04	7.629440273563903308e-02
1.712875751503006177e+04	9.661768309493805329e-02
1.716883767535070365e+04	1.215965015706080982e-01
1.720891783567134553e+04	1.521754102830812083e-01
1.724899799599198377e+04	1.893893612944624050e-01
1.728907815631262565e+04	2.343196525909183037e-01
1.732915831663326753e+04	2.880342793365325837e-01
1.736923847695390577e+04	3.515152136747930478e-01
1.740931863727454765e+04	4.255767797491566973e-01
1.744939879759518954e+04	5.107806957918281654e-01
1.748947895791583142e+04	6.073543548904695166e-01
1.752955911823647330e+04	7.151193749297831692e-01
1.756963927855711518e+04	8.334372791302290251e-01
1.760971943887775706e+04	9.611783448374995320e-01
1.764979959919839894e+04	1.096718219198537625e+00
1.768987975951904082e+04	1.237964950472039360e+00
1.772995991983967906e+04	1.382416783884948153e+00
1.777004008016032094e+04	1.527248623793627136e+00
1.781012024048096282e+04	1.669422693995147977e+00
1.785020040080160106e+04	1.805816859152403975e+00
1.789028056112224294e+04	1.933362502349566414e+00
1.793036072144288482e+04	2.049182941752924147e+00
1.797044088176352670e+04	2.150723206654718833e+00
1.801052104208416858e+04	2.235862601439909891e+00
1.805060120240481046e+04	2.303002812253674314e+00
1.809068136272545235e+04	2.351126232860861531e+00
1.813076152304609423e+04	2.379821523809860562e+00
1.817084168336673611e+04	2.389275954361446797e+00
1.821092184368737435e+04	2.380236575387299602e+00
1.825100200400801623e+04	2.353944507106748851e+00
1.829108216432865811e+04	2.312048402421677196e+00
1.833116232464929635e+04	2.256504319181211304e+00
1.837124248496993823e+04	2.189469721284328596e+00
1.841132264529058011e+04	2.113199117973770580e+00
1.845140280561122199e+04	2.029948001391483459e+00
1.849148296593186387e+04	1.941890373979461071e+00
1.853156312625250575e+04	1.851053435525553015e+00
1.857164328657314763e+04	1.759271117556833408e+00
1.861172344689378951e+04	1.668156308850215375e+00
1.865180360721443139e+04	1.579089992602552339e+00
1.869188376753506964e+04	1.493224261022740640e+00
1.873196392785571152e+04	1.411495385445102890e+00
1.877204408817635340e+04	1.334642840888120796e+00
1.881212424849699164e+04	1.263230395910204029e+00
1.885220440881763352e+04	1.197666010736072373e+00
1.889228456913827540e+04	1.138218225572417142e+00
1.893236472945891728e+04	1.085027826367215287e+00
1.897244488977955916e+04	1.038114697272972231e+00
1.901252505010020104e+04	9.973807667304814828e-01
1.905260521042084292e+04	9.626107111593088517e-01
1.909268537074148480e+04	9.334725176428954052e-01
1.913276553106212668e+04	9.095200901547393357e-01
1.917284569138276493e+04	8.901998244001301241e-01
1.921292585170340681e+04	8.748625280990275366e-01
1.925300601202404869e+04	8.627813137569226853e-01
1.929308617234469057e+04	8.531752478347774948e-01
1.933316633266532881e+04	8.452377184233084151e-01
1.937324649298597069e+04	8.381677897325474635e-01
1.941332665330661257e+04	8.312023317569255942e-01
1.945340681362725445e+04	8.236465026810740886e-01
1.949348697394789633e+04	8.149002392971033126e-01
1.953356713426853821e+04	8.044787595490432430e-01
1.957364729458918009e+04	7.920256510868055599e-01
1.961372745490982197e+04	7.773178350828380268e-01
1.965380761523046385e+04	7.602624656419357807e-01
1.969388777555110210e+04	7.408865592879556594e-01
1.973396793587174398e+04	7.193207625052070453e-01
1.977404809619238586e+04	6.957790932680544271e-01
1.981412825651302410e+04	6.705366959996678089e-01
1.985420841683366598e+04	6.439076190190212712e-01
1.989428857715430786e+04	6.162243789007456618e-01
1.993436873747494974e+04	5.878206619504895425e-01
1.997444889779559162e+04	5.590179918616339227e-01
2.001452905811623350e+04	5.301166362961219347e-01
2.005460921843687538e+04	5.013905047626807665e-01
2.009468937875751726e+04	4.730853672444536584e-01
2.013476953907815914e+04	4.454194420735951288e-01
2.017484969939879738e+04	4.185852853747740743e-01
2.021492985971943926e+04	3.927519624663627917e-01
2.025501002004008114e+04	3.680666715477759476e-01
2.029509018036071939e+04	3.446552819305068183e-01
2.033517034068136127e+04	3.226215920126785930e-01
2.037525050100200315e+04	3.020454516494470165e-01
2.041533066132264503e+04	2.829801791559223845e-01
2.045541082164328691e+04	2.654498953448557463e-01
2.049549098196392879e+04	2.494474719225802106e-01
2.053557114228457067e+04	2.349337436519106648e-01
2.057565130260521255e+04	2.218384754653089375e-01
2.061573146292585443e+04	2.100633352056280601e-01
2.065581162324649267e+04	1.994868387700229617e-01
2.069589178356713455e+04	1.899709509109539229e-01
2.073597194388777643e+04	1.813687840657364214e-01
2.077605210420841468e+04	1.735326741362655245e-01
2.081613226452905656e+04	1.663218487656757394e-01
2.085621242484969844e+04	1.596089480333537924e-01
2.089629258517034032e+04	1.532848016979563854e-01
2.093637274549098220e+04	1.472610892394580206e-01
2.097645290581162408e+04	1.414707765621503188e-01
2.101653306613226596e+04	1.358664982643799923e-01
2.105661322645290784e+04	1.304172986857171923e-01
2.109669338677354972e+04	1.251043255986392377e-01
2.113677354709418796e+04	1.199161642624648472e-01
2.117685370741482984e+04	1.148444961988290686e-01
2.121693386773547172e+04	1.098806699641762669e-01
2.125701402805610996e+04	1.050135969132036245e-01
2.129709418837675184e+04	1.002291603878830567e-01
2.133717434869739373e+04	9.551108519914361383e-02
2.137725450901803561e+04	9.084299047586166798e-02
2.141733466933867749e+04	8.621117430361079081e-02
2.145741482965931937e+04	8.160757667342091737e-02
2.149749498997996125e+04	7.703235081449943955e-02
2.153757515030060313e+04	7.249554225057928958e-02
2.157765531062124501e+04	6.801751794111698945e-02
2.161773547094188325e+04	6.362798242724966580e-02
2.165781563126252513e+04	5.936363486964760933e-02
2.169789579158316701e+04	5.526472845956180435e-02
2.173797595190380525e+04	5.137096201797109601e-02
2.177805611222444713e+04	4.771723887084652199e-02
2.181813627254508901e+04	4.432985584849243044e-02
2.185821643286573089e+04	4.122363228427473880e-02
2.189829659318637277e+04	3.840036346956002961e-02
2.193837675350701466e+04	3.584880360099557128e-02
2.197845691382765654e+04	3.354617567906346964e-02
2.201853707414829842e+04	3.146099958088611342e-02
2.205861723446894030e+04	2.955685358159265350e-02
2.209869739478958218e+04	2.779656327019135870e-02
2.213877755511022042e+04	2.614626146521855168e-02
2.217885771543086230e+04	2.457878959810944411e-02
2.221893787575150418e+04	2.307601043066147273e-02
2.225901803607214242e+04	2.162975915911755781e-02
2.229909819639278430e+04	2.024135230491510076e-02
2.233917835671342618e+04	1.891977406880584675e-02
2.237925851703406806e+04	1.767884006297552185e-02
2.241933867735470994e+04	1.653377374945902423e-02
2.245941883767535182e+04	1.549770331808951983e-02
2.249949899799599370e+04	1.457858699824206815e-02
2.253957915831663558e+04	1.377700398040831997e-02
2.257965931863727747e+04	1.308511720059610250e-02
2.261973947895791571e+04	1.248694242715253470e-02
2.265981963927855759e+04	1.195987004298339901e-02
2.269989979959919947e+04	1.147720821691851183e-02
2.273997995991983771e+04	1.101137357052989728e-02
2.278006012024047959e+04	1.053726748343128058e-02
2.282014028056112147e+04	1.003535444517911213e-02
2.286022044088176335e+04	9.494005534867896307e-03
2.290030060120240523e+04	8.910777764961770944e-03
2.294038076152304711e+04	8.292452797073487578e-03
2.298046092184368899e+04	7.653834443482945664e-03
2.302054108216433087e+04	7.015478465932993048e-03
2.306062124248497275e+04	6.400676091645410119e-03
2.310070140280561100e+04	5.832113968820321591e-03
2.314078156312625288e+04	5.328674332765344183e-03
2.318086172344689476e+04	4.902814896275557374e-03
2.322094188376753300e+04	4.558882557008577495e-03
2.326102204408817488e+04	4.292581079233901732e-03
2.330110220440881676e+04	4.091649742390726305e-03
2.334118236472945864e+04	3.937640700419022324e-03
2.338126252505010052e+04	3.808531190826058930e-03
2.342134268537074240e+04	3.681793755572581109e-03
2.346142284569138428e+04	3.537488628948883516e-03
2.350150300601202616e+04	3.360945031052060827e-03
2.354158316633266804e+04	3.144661202615858971e-03
2.358166332665330629e+04	2.889167104344947390e-03
2.362174348697394817e+04	2.602742239062452029e-03
2.366182364729459005e+04	2.300042868030808662e-03
2.370190380761522829e+04	1.999845197763165314e-03
2.374198396793587017e+04	1.722232711369623337e-03
2.378206412825651205e+04	1.485630042259223401e-03
2.382214428857715393e+04	1.304102782888560963e-03
2.386222444889779581e+04	1.185300646531442991e-03
2.390230460921843769e+04	1.129326983560436596e-03
2.394238476953907957e+04	1.128684588994012875e-03
2.398246492985972145e+04	1.169295076733781538e-03
2.402254509018036333e+04	1.232438427182686340e-03
2.406262525050100157e+04	1.297331719239270880e-03
2.410270541082164345e+04	1.343979163655186328e-03
2.414278557114228533e+04	1.355891110195704252e-03
2.418286573146292722e+04	1.322291990838276405e-03
2.422294589178356910e+04	1.239512485410383669e-03
2.426302605210420734e+04	1.111378469391140645e-03
2.430310621242484922e+04	9.485516817682320984e-04
2.434318637274549110e+04	7.669243451100892601e-04
2.438326653306613298e+04	5.853015052511098158e-04
2.442334669338677486e+04	4.227023700662649102e-04
2.446342685370741674e+04	2.956620937958837959e-04
2.450350701402805498e+04	2.159117108154303061e-04
2.454358717434869686e+04	1.887573158351701192e-04
2.458366733466933874e+04	2.123785509588077840e-04
2.462374749498998062e+04	2.781355664501432940e-04
2.466382765531062250e+04	3.718314840391809002e-04
2.470390781563126438e+04	4.757440188422919886e-04
2.474398797595190263e+04	5.711339022254638626e-04
2.478406813627254451e+04	6.408736823785650318e-04
2.482414829659318639e+04	6.718269428529122147e-04
2.486422845691382827e+04	6.566463993615354738e-04
2.490430861723447015e+04	5.947438525519984070e-04
2.494438877755511203e+04	4.923033302805608549e-04
2.498446893787575027e+04	3.613440626301295320e-04
2.502454909819639215e+04	2.179730914837380332e-04
2.506462925851703403e+04	8.007969237986923498e-05
2.510470941883767591e+04	-3.520017513393474068e-05
2.514478957915831779e+04	-1.138917996502252791e-04
2.518486973947895967e+04	-1.471254391986871420e-04
2.522494989979959792e+04	-1.323472197958503827e-04
2.526503006012023980e+04	-7.363363439213235003e-05
2.530511022044088168e+04	1.892688037738666490e-05
2.534519038076152356e+04	1.306907264939736601e-04
2.538527054108216544e+04	2.445430029966379920e-04
2.542535070140280732e+04	3.433110324013052784e-04
2.546543086172344556e+04	4.121664222129266188e-04
2.550551102204408744e+04	4.406789728654202337e-04
2.554559118236472932e+04	4.242373309287244165e-04
2.558567134268537120e+04	3.646423977909308742e-04
2.562575150300601308e+04	2.697970482776923420e-04
2.566583166332665496e+04	1.525430060999032088e-04
2.570591182364729320e+04	2.881485119898579667e-05
2.574599198396793508e+04	-8.462452445421620188e-05
2.578607214428857696e+04	-1.725461567750934068e-04
2.582615230460921885e+04	-2.233829678185840061e-04
2.586623246492986073e+04	-2.308269543921383736e-04
2.590631262525050261e+04	-1.946758745026497945e-04
2.594639278557114449e+04	-1.208166388660863658e-04
2.598647294589178273e+04	-2.035451716219198584e-05
2.602655310621242461e+04	9.198306293650232663e-05
2.606663326653306649e+04	1.999386603542221866e-04
2.610671342685370837e+04	2.880157009949645217e-04
2.614679358717435025e+04	3.436453188148367341e-04
2.618687374749499213e+04	3.589262482826392655e-04
2.622695390781563037e+04	3.316970247969450885e-04
2.626703406813627225e+04	2.657951812415855269e-04
2.630711422845691413e+04	1.704732012642854626e-04
2.634719438877755601e+04	5.905943046356859031e-05
2.638727454909819789e+04	-5.294266564219698361e-05
2.642735470941883978e+04	-1.500462124026172024e-04
2.646743486973947802e+04	-2.189541396154795418e-04
2.650751503006011990e+04	-2.504093117249952573e-04
2.654759519038076178e+04	-2.404645219227466598e-04
2.658767535070140366e+04	-1.909985089657202401e-04
2.662775551102204554e+04	-1.094111227840476183e-04
2.666783567134268742e+04	-7.546324963906619269e-06
2.670791583166332566e+04	1.000003929175790387e-04
2.674799599198396754e+04	1.979484201733503325e-04
2.678807615230460942e+04	2.724798420435640034e-04
2.682815631262525130e+04	3.131669118120876155e-04
2.686823647294589318e+04	3.144104711785192089e-04
2.690831663326653506e+04	2.761910763410825565e-04
2.694839679358717331e+04	2.040323407220393014e-04
2.698847695390781519e+04	1.081871538979595204e-04
2.702855711422845707e+04	2.166309538232361458e-06
2.706863727454909895e+04	-9.917956843422084305e-05
2.710871743486974083e+04	-1.817527527795442430e-04
2.714879759519038271e+04	-2.341811423624748627e-04
2.718887775551102095e+04	-2.493951988558920597e-04
2.722895791583166283e+04	-2.255906792401297857e-04
2.726903807615230471e+04	-1.664463571800910309e-04
2.730911823647294659e+04	-8.057126703322033600e-05
2.734919839679358847e+04	1.973580335624106123e-05
2.738927855711423035e+04	1.202359831919447189e-04
2.742935871743486859e+04	2.067603848851520484e-04
2.746943887775551048e+04	2.671969623285755857e-04
2.750951903807615236e+04	2.931757102263592889e-04
2.754959919839679424e+04	2.812179035985509648e-04
2.758967935871743612e+04	2.331917760294852440e-04
2.762975951903807800e+04	1.560153172030217324e-04
2.766983967935871624e+04	6.065281689092232552e-05
2.770991983967935812e+04	-3.944950607660833509e-05
2.775000000000000000e+04	-1.302657624896309374e-04
