7.750000000000000000e+03
7.790080160320640971e+03
7.830160320641282851e+03
7.870240480961923822e+03
7.910320641282564793e+03
7.950400801603206673e+03
7.990480961923847644e+03
8.030561122244488615e+03
8.070641282565130496e+03
8.110721442885771467e+03
8.150801603206412437e+03
8.190881763527054318e+03
8.230961923847695289e+03
8.271042084168337169e+03
8.311122244488977231e+03
8.351202404809619111e+03
8.391282565130260991e+03
8.431362725450901053e+03
8.471442885771542933e+03
8.511523046092184813e+03
8.551603206412824875e+03
8.591683366733466755e+03
8.631763527054108636e+03
8.671843687374748697e+03
8.711923847695390577e+03
8.752004008016032458e+03
8.792084168336674338e+03
8.832164328657314400e+03
8.872244488977956280e+03
8.912324649298596341e+03
8.952404809619238222e+03
8.992484969939880102e+03
9.032565130260521983e+03
9.072645290581162044e+03
9.112725450901803924e+03
9.152805611222443986e+03
9.192885771543085866e+03
9.232965931863727747e+03
9.273046092184369627e+03
9.313126252505009688e+03
9.353206412825651569e+03
9.393286573146291630e+03
9.433366733466933510e+03
9.473446893787575391e+03
9.513527054108217271e+03
9.553607214428857333e+03
9.593687374749499213e+03
9.633767535070141093e+03
9.673847695390781155e+03
9.713927855711423035e+03
9.754008016032064916e+03
9.794088176352704977e+03
9.834168336673346857e+03
9.874248496993986919e+03
9.914328657314628799e+03
9.954408817635270680e+03
9.994488977955912560e+03
1.003456913827655262e+04
1.007464929859719450e+04
1.011472945891783638e+04
1.015480961923847644e+04
1.019488977955911832e+04
1.023496993987976020e+04
1.027505010020040027e+04
1.031513026052104215e+04
1.035521042084168403e+04
1.039529058116232409e+04
1.043537074148296597e+04
1.047545090180360785e+04
1.051553106212424791e+04
1.055561122244488979e+04
1.059569138276553167e+04
1.063577154308617173e+04
1.067585170340681361e+04
1.071593186372745549e+04
1.075601202404809737e+04
1.079609218436873743e+04
1.083617234468937932e+04
1.087625250501001938e+04
1.091633266533066126e+04
1.095641282565130314e+04
1.099649298597194502e+04
1.103657314629258508e+04
1.107665330661322696e+04
1.111673346693386702e+04
1.115681362725450890e+04
1.119689378757515078e+04
1.123697394789579266e+04
1.127705410821643272e+04
1.131713426853707460e+04
1.135721442885771467e+04
1.139729458917835655e+04
1.143737474949899843e+04
1.147745490981964031e+04
1.151753507014028037e+04
1.155761523046092225e+04
1.159769539078156231e+04
1.163777555110220419e+04
1.167785571142284607e+04
1.171793587174348795e+04
1.175801603206412801e+04
1.179809619238476989e+04
1.183817635270540995e+04
1.187825651302605183e+04
1.191833667334669371e+04
1.195841683366733560e+04
1.199849699398797566e+04
1.203857715430861754e+04
1.207865731462925760e+04
1.211873747494989948e+04
1.215881763527054136e+04
1.219889779559118324e+04
1.223897795591182330e+04
1.227905811623246518e+04
1.231913827655310524e+04
1.235921843687374712e+04
1.239929859719438900e+04
1.243937875751503088e+04
1.247945891783567276e+04
1.251953907815631283e+04
1.255961923847695289e+04
1.259969939879759477e+04
1.263977955911823665e+04
1.267985971943887853e+04
1.271993987975952041e+04
1.276002004008016047e+04
1.280010020040080053e+04
1.284018036072144241e+04
1.288026052104208429e+04
1.292034068136272617e+04
1.296042084168336805e+04
1.300050100200400811e+04
1.304058116232464818e+04
1.308066132264529006e+04
1.312074148296593194e+04
1.316082164328657382e+04
1.320090180360721570e+04
1.324098196392785576e+04
1.328106212424849582e+04
1.332114228456913770e+04
1.336122244488977958e+04
1.340130260521042146e+04
1.344138276553106334e+04
1.348146292585170340e+04
1.352154308617234528e+04
1.356162324649298534e+04
1.360170340681362723e+04
1.364178356713426911e+04
1.368186372745491099e+04
1.372194388777555105e+04
1.376202404809619293e+04
1.380210420841683299e+04
1.384218436873747487e+04
1.388226452905811675e+04
1.392234468937875863e+04
1.396242484969939869e+04
1.400250501002004057e+04
1.404258517034068063e+04
1.408266533066132251e+04
1.412274549098196439e+04
1.416282565130260627e+04
1.420290581162324634e+04
1.424298597194388822e+04
1.428306613226452828e+04
1.432314629258517016e+04
1.436322645290581204e+04
1.440330661322645392e+04
1.444338677354709398e+04
1.448346693386773586e+04
1.452354709418837592e+04
1.456362725450901780e+04
1.460370741482965968e+04
1.464378757515030156e+04
1.468386773547094162e+04
1.472394789579158351e+04
1.476402805611222357e+04
1.480410821643286545e+04
1.484418837675350733e+04
1.488426853707414921e+04
1.492434869739479109e+04
1.496442885771543115e+04
1.500450901803607121e+04
1.504458917835671309e+04
1.508466933867735497e+04
1.512474949899799685e+04
1.516482965931863873e+04
1.520490981963927879e+04
1.524498997995991886e+04
1.528507014028056074e+04
1.532515030060120262e+04
1.536523046092184450e+04
1.540531062124248638e+04
1.544539078156312644e+04
1.548547094188376650e+04
1.552555110220440838e+04
1.556563126252505026e+04
1.560571142284569214e+04
1.564579158316633402e+04
1.568587174348697408e+04
1.572595190380761414e+04
1.576603206412825602e+04
1.580611222444889790e+04
1.584619238476953979e+04
1.588627254509018167e+04
1.592635270541082173e+04
1.596643286573146361e+04
1.600651302605210367e+04
1.604659318637274555e+04
1.608667334669338743e+04
1.612675350701402749e+04
1.616683366733466937e+04
1.620691382765531125e+04
1.624699398797595131e+04
1.628707414829659319e+04
1.632715430861723507e+04
1.636723446893787514e+04
1.640731462925851520e+04
1.644739478957915708e+04
1.648747494989979896e+04
1.652755511022044084e+04
1.656763527054108272e+04
1.660771543086172460e+04
1.664779559118236648e+04
1.668787575150300836e+04
1.672795591182364660e+04
1.676803607214428848e+04
1.680811623246493036e+04
1.684819639278557224e+04
1.688827655310621049e+04
1.692835671342685237e+04
1.696843687374749425e+04
1.700851703406813613e+04
1.704859719438877801e+04
1.708867735470941989e+04
1.712875751503006177e+04
1.716883767535070365e+04
1.720891783567134553e+04
1.724899799599198377e+04
1.728907815631262565e+04
1.732915831663326753e+04
1.736923847695390577e+04
1.740931863727454765e+04
1.744939879759518954e+04
1.748947895791583142e+04
1.752955911823647330e+04
1.756963927855711518e+04
1.760971943887775706e+04
1.764979959919839894e+04
1.768987975951904082e+04
1.772995991983967906e+04
1.777004008016032094e+04
1.781012024048096282e+04
1.785020040080160106e+04
1.789028056112224294e+04
1.793036072144288482e+04
1.797044088176352670e+04
1.801052104208416858e+04
1.805060120240481046e+04
1.809068136272545235e+04
1.813076152304609423e+04
1.817084168336673611e+04
1.821092184368737435e+04
1.825100200400801623e+04
1.829108216432865811e+04
1.833116232464929635e+04
1.837124248496993823e+04
1.841132264529058011e+04
1.845140280561122199e+04
1.849148296593186387e+04
1.853156312625250575e+04
1.857164328657314763e+04
1.861172344689378951e+04
1.865180360721443139e+04
1.869188376753506964e+04
1.873196392785571152e+04
1.877204408817635340e+04
1.881212424849699164e+04
1.885220440881763352e+04
1.889228456913827540e+04
1.893236472945891728e+04
1.897244488977955916e+04
1.901252505010020104e+04
1.905260521042084292e+04
1.909268537074148480e+04
1.913276553106212668e+04
1.917284569138276493e+04
1.921292585170340681e+04
1.925300601202404869e+04
1.929308617234469057e+04
1.933316633266532881e+04
1.937324649298597069e+04
1.941332665330661257e+04
1.945340681362725445e+04
1.949348697394789633e+04
1.953356713426853821e+04
1.957364729458918009e+04
1.961372745490982197e+04
1.965380761523046385e+04
1.969388777555110210e+04
1.973396793587174398e+04
1.977404809619238586e+04
1.981412825651302410e+04
1.985420841683366598e+04
1.989428857715430786e+04
1.993436873747494974e+04
1.997444889779559162e+04
2.001452905811623350e+04
2.005460921843687538e+04
2.009468937875751726e+04
2.013476953907815914e+04
2.017484969939879738e+04
2.021492985971943926e+04
2.025501002004008114e+04
2.029509018036071939e+04
2.033517034068136127e+04
2.037525050100200315e+04
2.041533066132264503e+04
2.045541082164328691e+04
2.049549098196392879e+04
2.053557114228457067e+04
2.057565130260521255e+04
2.061573146292585443e+04
2.065581162324649267e+04
2.069589178356713455e+04
2.073597194388777643e+04
2.077605210420841468e+04
2.081613226452905656e+04
2.085621242484969844e+04
2.089629258517034032e+04
2.093637274549098220e+04
2.097645290581162408e+04
2.101653306613226596e+04
2.105661322645290784e+04
2.109669338677354972e+04
2.113677354709418796e+04
2.117685370741482984e+04
2.121693386773547172e+04
2.125701402805610996e+04
2.129709418837675184e+04
2.133717434869739373e+04
2.137725450901803561e+04
2.141733466933867749e+04
2.145741482965931937e+04
2.149749498997996125e+04
2.153757515030060313e+04
2.157765531062124501e+04
2.161773547094188325e+04
2.165781563126252513e+04
2.169789579158316701e+04
2.173797595190380525e+04
2.177805611222444713e+04
2.181813627254508901e+04
2.185821643286573089e+04
2.189829659318637277e+04
2.193837675350701466e+04
2.197845691382765654e+04
2.201853707414829842e+04
2.205861723446894030e+04
2.209869739478958218e+04
2.213877755511022042e+04
2.217885771543086230e+04
2.221893787575150418e+04
2.225901803607214242e+04
2.229909819639278430e+04
2.233917835671342618e+04
2.237925851703406806e+04
2.241933867735470994e+04
2.245941883767535182e+04
2.249949899799599370e+04
2.253957915831663558e+04
2.257965931863727747e+04
2.261973947895791571e+04
2.265981963927855759e+04
2.269989979959919947e+04
2.273997995991983771e+04
2.278006012024047959e+04
2.282014028056112147e+04
2.286022044088176335e+04
2.290030060120240523e+04
2.294038076152304711e+04
2.298046092184368899e+04
2.302054108216433087e+04
2.306062124248497275e+04
2.310070140280561100e+04
2.314078156312625288e+04
2.318086172344689476e+04
2.322094188376753300e+04
2.326102204408817488e+04
2.330110220440881676e+04
2.334118236472945864e+04
2.338126252505010052e+04
2.342134268537074240e+04
2.346142284569138428e+04
2.350150300601202616e+04
2.354158316633266804e+04
2.358166332665330629e+04
2.362174348697394817e+04
2.366182364729459005e+04
2.370190380761522829e+04
2.374198396793587017e+04
2.378206412825651205e+04
2.382214428857715393e+04
2.386222444889779581e+04
2.390230460921843769e+04
2.394238476953907957e+04
2.398246492985972145e+04
2.402254509018036333e+04
2.406262525050100157e+04
2.410270541082164345e+04
2.414278557114228533e+04
2.418286573146292722e+04
2.422294589178356910e+04
2.426302605210420734e+04
2.430310621242484922e+04
2.434318637274549110e+04
2.438326653306613298e+04
2.442334669338677486e+04
2.446342685370741674e+04
2.450350701402805498e+04
2.454358717434869686e+04
2.458366733466933874e+04
2.462374749498998062e+04
2.466382765531062250e+04
2.470390781563126438e+04
2.474398797595190263e+04
2.478406813627254451e+04
2.482414829659318639e+04
2.486422845691382827e+04
2.490430861723447015e+04
2.494438877755511203e+04
2.498446893787575027e+04
2.502454909819639215e+04
2.506462925851703403e+04
2.510470941883767591e+04
2.514478957915831779e+04
2.518486973947895967e+04
2.522494989979959792e+04
2.526503006012023980e+04
2.530511022044088168e+04
2.534519038076152356e+04
2.538527054108216544e+04
2.542535070140280732e+04
2.546543086172344556e+04
2.550551102204408744e+04
2.554559118236472932e+04
2.558567134268537120e+04
2.562575150300601308e+04
2.566583166332665496e+04
2.570591182364729320e+04
2.574599198396793508e+04
2.578607214428857696e+04
2.582615230460921885e+04
2.586623246492986073e+04
2.590631262525050261e+04
2.594639278557114449e+04
2.598647294589178273e+04
2.602655310621242461e+04
2.606663326653306649e+04
2.610671342685370837e+04
2.614679358717435025e+04
2.618687374749499213e+04
2.622695390781563037e+04
2.626703406813627225e+04
2.630711422845691413e+04
2.634719438877755601e+04
2.638727454909819789e+04
2.642735470941883978e+04
2.646743486973947802e+04
2.650751503006011990e+04
2.654759519038076178e+04
2.658767535070140366e+04
2.662775551102204554e+04
2.666783567134268742e+04
2.670791583166332566e+04
2.674799599198396754e+04
2.678807615230460942e+04
2.682815631262525130e+04
2.686823647294589318e+04
2.690831663326653506e+04
2.694839679358717331e+04
2.698847695390781519e+04
2.702855711422845707e+04
2.706863727454909895e+04
2.710871743486974083e+04
2.714879759519038271e+04
2.718887775551102095e+04
2.722895791583166283e+04
2.726903807615230471e+04
2.730911823647294659e+04
2.734919839679358847e+04
2.738927855711423035e+04
2.742935871743486859e+04
2.746943887775551048e+04
2.750951903807615236e+04
2.754959919839679424e+04
2.758967935871743612e+04
2.762975951903807800e+04
2.766983967935871624e+04
2.770991983967935812e+04
2.775000000000000000e+04
