-3.638052826286990399e-05
-1.109042597018899308e-05
1.716386092801812041e-05
4.444041810266045233e-05
6.685912131545271059e-05
8.115526582053510338e-05
8.515652083265411404e-05
7.811377390002989150e-05
6.083586988090699415e-05
3.560519365437532041e-05
5.881803748147906138e-06
-2.416591103718870566e-05
-5.024062911520909896e-05
-6.852520788929517329e-05
-7.623536372186178346e-05
-7.203612286714214624e-05
-5.626008346683805547e-05
-3.089253839936889926e-05
6.789769593870321598e-07
3.411965244523630251e-05
6.474610094600176760e-05
8.818635178778261904e-05
1.010083724837192761e-04
1.012270271444312458e-04
8.861493525772941857e-05
6.476916503415043797e-05
3.291952381981644212e-05
-2.499279768169954013e-06
-3.645527805588644400e-05
-6.402367627013245694e-05
-8.108967035115890955e-05
-8.494956880969098791e-05
-7.472267472652295171e-05
-5.151162790587188471e-05
-1.828350918692920067e-05
2.051677603946828706e-05
5.957098345042514118e-05
9.342805308323980367e-05
1.172778893955311088e-04
1.276488937865278162e-04
1.229284802727632496e-04
1.036290540588811305e-04
7.235666716272943653e-05
3.348106290912861724e-05
-7.451694198709510874e-06
-4.448536342731855867e-05
-7.209283337230473179e-05
-8.597051087569356094e-05
-8.367381958167497075e-05
-6.500024157672164738e-05
-3.206045781391222917e-05
1.097861049891779744e-05
5.844866514533879798e-05
1.039596086826444064e-04
1.412972333487576607e-04
1.653135289615961442e-04
1.726827246595350536e-04
1.624128208405183754e-04
1.360350263168255171e-04
9.743785524673447137e-05
5.236257556604888015e-05
7.625236864706116482e-06
-2.982929498893239866e-05
-5.390989157268457184e-05
-6.025911929145852711e-05
-4.690329767425688155e-05
-1.457559388233651040e-05
3.334026090028375432e-05
9.124505735517186584e-05
1.520834693004429220e-04
2.083259126650692874e-04
2.530374326102270027e-04
2.808830806997902755e-04
2.889253128264967921e-04
2.770957001838551662e-04
2.482673013601912368e-04
2.079094660616226083e-04
1.633659665701083267e-04
1.228518385330414986e-04
9.430630839904482836e-05
8.426246177712006923e-05
9.689517554413052823e-05
1.333867223213566582e-04
1.917070442428506747e-04
2.668486120532416158e-04
3.514918652627862790e-04
4.370154308651636051e-04
5.147144828506453095e-04
5.770581921880974441e-04
6.188082160608446595e-04
6.378363439172328236e-04
6.355189672202620627e-04
6.166438155804475222e-04
5.888325497576207910e-04
5.615518293474461645e-04
5.448455666261911362e-04
5.479634941506602219e-04
5.780795044675290624e-04
6.392843543786985326e-04
7.320019604036525750e-04
8.529211315523368151e-04
9.954629047776275119e-04
1.150727581119485692e-03
1.308795854544732686e-03
1.460205150848002502e-03
1.597393395161376614e-03
1.715902546391221382e-03
1.815163985244457696e-03
1.898743623459076511e-03
1.973999035224317539e-03
2.051183802152308378e-03
2.142113990356098955e-03
2.258576820190074698e-03
2.410702552152651536e-03
2.605531035564294037e-03
2.845982097793379670e-03
3.130386445473442615e-03
3.452657817451256026e-03
3.803098067595049765e-03
4.169737053526243950e-03
4.540031430471059767e-03
4.902692030257059172e-03
5.249386697915353096e-03
5.576078193879939818e-03
5.883804001337984702e-03
6.178780617943245221e-03
6.471808972479000874e-03
6.777056961940731983e-03
7.110385675422634805e-03
7.487454513882561662e-03
7.921876813647399027e-03
8.423695785196361197e-03
8.998409950401572294e-03
9.646702693347931207e-03
1.036493188585510018e-02
1.114632633639377202e-02
1.198273139999119462e-02
1.286666152324648232e-02
1.379336536351225342e-02
1.476259767837845814e-02
1.577982409685475818e-02
1.685665671210735683e-02
1.801042096664810105e-02
1.926287373369278688e-02
2.063821230030873227e-02
2.216061715671404156e-02
2.385164309032662341e-02
2.572780222944645936e-02
2.779866434054690041e-02
3.006573547662967638e-02
3.252227420939981378e-02
3.515407892891703190e-02
3.794114755866436622e-02
4.085999131096101911e-02
4.388629422707042427e-02
4.699756372517141512e-02
5.017542177432344347e-02
5.340724197574807375e-02
5.668693767106126880e-02
6.001483649778673740e-02
6.339671904704481664e-02
6.684223265275816839e-02
7.036299574926267730e-02
7.397076719659734234e-02
7.767605814730238478e-02
8.148750890612729836e-02
8.541224575827682797e-02
8.945728672608294074e-02
9.363190060132446646e-02
9.795066377893368870e-02
1.024368279475891957e-01
1.071255288952919216e-01
1.120663465869201347e-01
1.173247747352087894e-01
1.229822701340931440e-01
1.291347144804944891e-01
1.358893129455512605e-01
1.433601480976257336e-01
1.516627773609079965e-01
1.609083821285175742e-01
1.711980284744424041e-01
1.826175740450598772e-01
1.952336551791784003e-01
2.090910258952530798e-01
2.242113191827966590e-01
2.405930909515329730e-01
2.582128206400787773e-01
2.770264104609877487e-01
2.969706714636362599e-01
3.179643222908183908e-01
3.399081556882502242e-01
3.626842343962627946e-01
3.861542349628688808e-01
4.101573283755995947e-01
4.345082281923342560e-01
4.589962086541445885e-01
4.833859623354737622e-01
5.074211066225494671e-01
5.308309543870541880e-01
5.533408487316870961e-01
5.746859548421224817e-01
5.946279492985249160e-01
6.129736043689307801e-01
6.295938908437435089e-01
6.444419724691816675e-01
6.575683805193375253e-01
6.691317624534980357e-01
6.794038948819728363e-01
6.887681145418754758e-01
6.977109049548985142e-01
7.068070158802182146e-01
7.166991116935578221e-01
7.280734659716163737e-01
7.416335739125213822e-01
7.580736909084595521e-01
7.780541995146552647e-01
8.021803637011514221e-01
8.309854857253395899e-01
8.649188029284938795e-01
9.043377366272699058e-01
9.495034319547341894e-01
1.000578004176723379e+00
1.057621618186743051e+00
1.120587532487496318e+00
1.189313560928059621e+00
1.263509028202469908e+00
1.342737160820497211e+00
1.426393869328513420e+00
1.513684917899052573e+00
1.603604407756557437e+00
1.694918186699152507e+00
1.786156121981866907e+00
1.875617055563572277e+00
1.961389662711022108e+00
2.041391374212275345e+00
2.113426071060180877e+00
2.175259540792193302e+00
2.224709858496754400e+00
2.259748108064604910e+00
2.278603379894898584e+00
2.279864942633508473e+00
2.262574024915728899e+00
2.226297841960176882e+00
2.171179380613252885e+00
2.097957965865843821e+00
2.007957656943008207e+00
1.903042891010246818e+00
1.785543297063629575e+00
1.658152012778831619e+00
1.523803928710498523e+00
1.385541860680302495e+00
1.246379563973222693e+00
1.109170667115861653e+00
9.764920059120391072e-01
8.505485409561652776e-01
7.331051718927775740e-01
6.254485005000856024e-01
5.283791578478790329e-01
4.422329258385077067e-01
3.669267664967864606e-01
3.020242064603400611e-01
2.468134414798252296e-01
2.003910959538752201e-01
1.617447976367582807e-01
1.298285446312112679e-01
1.036261318379678720e-01
8.219950764115038777e-02
6.472066724716842023e-02
5.048737362707564347e-02
3.892446529988832088e-02
2.957363180041885226e-02
2.207522889586857953e-02
1.614593567421240480e-02
1.155584659280388567e-02
8.108012301431960500e-03
5.622598129965727769e-03
3.926844372205640088e-03
2.851018847730365808e-03
2.229670043518286199e-03
1.906814728087304588e-03
1.743289777406741708e-03
1.624387658768428619e-03
1.466063299185253266e-03
1.218397501716507719e-03
8.655538068275232203e-04
4.220827439830796804e-04
-7.398092925352752641e-05
-5.702967317527062562e-04
-1.010422363014898709e-03
-1.343674146454440802e-03
-1.533361662058623214e-03
-1.562381906666611637e-03
-1.435559844434594395e-03
-1.178594412352515237e-03
-8.339423224716966494e-04
-4.543800644380747186e-04
-9.527322321662291382e-05
1.932836036591598354e-04
3.733256930567966660e-04
4.239336058280595751e-04
3.435745411951688939e-04
1.496261858606838925e-04
-1.247543363612693549e-04
-4.358857791894191007e-04
-7.361313044543528993e-04
-9.808120807498319112e-04
-1.134481425882987848e-03
-1.175696693930111886e-03
-1.099664334614950745e-03
-9.184513150543039675e-04
-6.588066513301292157e-04
-3.579703841009311180e-04
-5.811810441569542477e-05
1.997386376709448603e-04
3.815230313336229651e-04
4.647324929223420852e-04
4.413253111487319496e-04
3.184952558734510815e-04
1.172803751478668070e-04
-1.307430598307497889e-04
-3.881688342157431837e-04
-6.171753454783011038e-04
-7.848690017070319731e-04
-8.678081264020915623e-04
-8.550918962698532454e-04
-7.496144091167935121e-04
-5.673502337220253430e-04
-3.348164422240296808e-04
-8.510806590505163801e-05
1.469053290734108721e-04
3.295298579114342851e-04
4.386468141771937101e-04
4.609560459500070331e-04
3.956324872622815039e-04
2.541962456087748447e-04
5.865080520497254537e-05
-1.618148122083709866e-04
-3.750690534719680743e-04
-5.506125969958309370e-04
-6.638370568234338914e-04
-6.993765858354561351e-04
-6.530995879095702859e-04
-5.324866224522540031e-04
-3.553711842078049305e-04
-1.472496014513367997e-04
6.243718963621889032e-05
2.445105780201016466e-04
3.741516813662590715e-04
4.343168132585333453e-04
4.180039839032265950e-04
3.290722284659241539e-04
1.815231684012335808e-04
-2.629032715064317679e-06
-1.965776680501199686e-04
-3.725645027336361124e-04
-5.057935472738099699e-04
-5.778679423499414897e-04
-5.792757845041282983e-04
-5.105912949220053464e-04
-3.822427422258840293e-04
-2.129014421227936574e-04
-2.673835546952054560e-05
1.500503884742364639e-04
2.929513607541683537e-04
3.825520855670388933e-04
4.071948574688389255e-04
3.645051905175094231e-04
2.615966852253444634e-04
1.139422095722750081e-04
-5.691185351117204863e-05
-2.264520297482666277e-04
-3.706783282378181554e-04
-4.694661667543699500e-04
-5.093401315551933329e-04
-4.852787034255953442e-04
-4.013098208626009579e-04
-2.698296139098079393e-04
-1.097563014375443023e-04
5.620710744700836838e-05
2.048063930361841418e-04
3.155066034078203574e-04
3.733406747443507789e-04
3.709422427183956482e-04
3.094878131592263145e-04
1.984295605799454669e-04
5.407082118505127598e-05
-1.028022202125025529e-04
-2.498895425953379015e-04
-3.665238530370122302e-04
-4.365516824577981474e-04
-4.505483533386919607e-04
-4.070640985731429793e-04
-3.127377810028770058e-04
-1.812751228368144794e-04
-3.144741496047923925e-05
1.155978948263635444e-04
2.393302152871789267e-04
3.227096476056770546e-04
3.545402063486875711e-04
3.309782882792338191e-04
2.559940820869283486e-04
1.407324436176249415e-04
1.874479484385098998e-06
-1.407600230219131798e-04
-2.670253754007340975e-04
-3.592794684259562272e-04
-4.048332418330926187e-04
-3.976807499315358437e-04
-3.392746752373178602e-04
-2.382482446367017786e-04
-1.091330907734763822e-04
2.973724521352265752e-05
1.588362841629135317e-04
2.601953634305122047e-04
3.199092670545414610e-04
3.300479395802445332e-04
2.897120767261900922e-04
2.050928490928205841e-04
8.853686816904393240e-05
-4.324314542499730658e-05
-1.715531744851817443e-04
-2.783583867207296380e-04
-3.488068263483972689e-04
-3.732836750641356917e-04
-3.487124623758885988e-04
-2.789277109251621042e-04
-1.740751995721183962e-04
-4.913266257070770035e-05
7.823385676028611049e-05
1.901716229367921755e-04
2.711469899572558143e-04
3.101040873303931994e-04
3.019768722275880854e-04
2.483482326627692739e-04
1.571711340224166760e-04
4.159896249640856683e-05
-8.190336582210178281e-05
-1.958966468145272141e-04
-2.844215756963103725e-04
-3.352248890164974773e-04
-3.414473263787107726e-04
-3.025412847417476253e-04
-2.242959116807045688e-04
-1.179734707090252958e-04
1.314680572752786689e-06
1.167586539796556898e-04
2.122214083020816926e-04
2.744967466644984005e-04
2.951383222256433766e-04
2.716066902638041513e-04
2.075790319131530005e-04
1.123847522235728460e-04
-3.470525434972779960e-07
-1.146324886607324528e-04
-2.143928657292097997e-04
-2.857105485089882300e-04
-3.187644589492355757e-04
-3.091763621759959359e-04
-2.585837115407472759e-04
-1.743646325594629934e-04
-6.856001974322740566e-05
4.385009402525542481e-05
1.470694193840563701e-04
2.267069593016894570e-04
2.717850557838582463e-04
2.762540091160548906e-04
2.398045726996313263e-04
1.678695721164863625e-04
7.082034609589284667e-05
-3.752348096639400389e-05
-1.418570030137177550e-04
-2.275472043118572090e-04
-2.826804843441284949e-04
-2.997142701444233484e-04
-2.765039899813620701e-04
-2.165658634099633416e-04
-1.285440648398583846e-04
-2.496256050095400214e-05
7.955838022767737310e-05
1.703672230264217295e-04
2.348362861949909231e-04
2.641188835211021805e-04
2.543641999463666257e-04
2.072233028070935860e-04
1.295801993849006689e-04
3.255093188130563347e-05
-7.010398964215215200e-05
-1.639272671759379400e-04
-2.357971120376215228e-04
-2.757586598959906325e-04
-2.783990807337520697e-04
-2.435766344257380865e-04
-1.764057511318762640e-04
-8.650515658611017996e-05
1.338067753386081691e-05
1.091893576579389108e-04
1.875213878770868225e-04
2.375151344568357666e-04
2.523537448963687909e-04
2.301951314824791884e-04
