4.796928431030086188e-04
4.220537775455960303e-04
3.102380506739446479e-04
3.398001323470347182e-04
4.686452076555553585e-04
4.853544379392844615e-04
3.663635532299033240e-04
3.186122776435417478e-04
4.308225033225890409e-04
5.210022844881684930e-04
4.421925189434078285e-04
3.328598679878651961e-04
3.853753689627902545e-04
5.196206251534043466e-04
5.154588382024318308e-04
3.851615862170789696e-04
3.557746298113351364e-04
4.859806777697711394e-04
5.639481496670404681e-04
4.638188400645212113e-04
3.609686784205228070e-04
4.379587535593500213e-04
5.741345531063452457e-04
5.465725378504017462e-04
4.078045526912906296e-04
4.003608672158911076e-04
5.469334464997799555e-04
6.086607168451682029e-04
4.877151165914485201e-04
3.957209956372283286e-04
4.981856232234415510e-04
6.322981768711796995e-04
5.791904359051586919e-04
4.354642437242708984e-04
4.533926817618053203e-04
6.139915608908485612e-04
6.554004725746902021e-04
5.148722705011639887e-04
4.384177454898682694e-04
5.667409369786810969e-04
6.943118998372998065e-04
6.140108935937077213e-04
4.695185108394476603e-04
5.159889079166271814e-04
6.875310048888650435e-04
7.045992105052229339e-04
5.465256303392606761e-04
4.905272238047270715e-04
6.443847956941336445e-04
7.605062396675016509e-04
6.519808122624807210e-04
5.115840721904939660e-04
5.893918780770849826e-04
7.680313381595061132e-04
7.569107163502022083e-04
5.841997180408998319e-04
5.537176436243785227e-04
7.319889303550692825e-04
8.313940567831645985e-04
6.943514691594713161e-04
5.635602085512852414e-04
6.750058935583240190e-04
8.561270551836490297e-04
8.132743055171434915e-04
6.297657726080443941e-04
6.299033099201322176e-04
8.305879452462545682e-04
9.077378570214433276e-04
7.427493937388075220e-04
6.276881400082268527e-04
7.744524885064766077e-04
9.526763852028767143e-04
8.749960253326959656e-04
6.855175699698785484e-04
7.213101698396581427e-04
9.414507110430405615e-04
9.906376617712037494e-04
7.992686195032392945e-04
7.066330276376881674e-04
8.896491881393319735e-04
1.058853996096374012e-03
9.438546916699627797e-04
7.542737373755606422e-04
8.305690746603591355e-04
1.066179776599587153e-03
1.081647645049613584e-03
8.665937861752051521e-04
8.035988268795665398e-04
1.022921581945056150e-03
1.176277242529541467e-03
1.022243588698624290e-03
8.395188268639938679e-04
9.608490950008020948e-04
1.206850546166031435e-03
1.182933991090926720e-03
9.481684683543753489e-04
9.224913382648243553e-04
1.177163444629697161e-03
1.307180645678010858e-03
1.113364452531944793e-03
9.456018221992099895e-04
1.116049576339190599e-03
1.366208177029588086e-03
1.297493250854534017e-03
1.048430933781164306e-03
1.068152980897098519e-03
1.356067555192290225e-03
1.454661483121821083e-03
1.221499739458896047e-03
1.078021111955566966e-03
1.301079929244529755e-03
1.547950326806070680e-03
1.429461683518815258e-03
1.173152352639915321e-03
1.246706232655952866e-03
1.564462955058991281e-03
1.623032992922762837e-03
1.352404766714792759e-03
1.243842163097526581e-03
1.522273354336846308e-03
1.757140997828904056e-03
1.584564971833111926e-03
1.329934070996792060e-03
1.466065337191891716e-03
1.808816650221269822e-03
1.818345004350538450e-03
1.513887981145544369e-03
1.452323569556702955e-03
1.788010302412321346e-03
2.000830397842202207e-03
1.770790563178875447e-03
1.528958093552142995e-03
1.736715372293749868e-03
2.097996849649917239e-03
2.049172972574134655e-03
1.716694759457903412e-03
1.715879261890067590e-03
2.109680145886696015e-03
2.289008936425630542e-03
1.999424026821900683e-03
1.784152514622887060e-03
2.072929138333856353e-03
2.444465971120049659e-03
2.327851793280749388e-03
1.975896673259508029e-03
2.051600481014489302e-03
2.503206941919518085e-03
2.636122624496230193e-03
2.286701522779566089e-03
2.115060372754126380e-03
2.494726646542867916e-03
2.866206564272194557e-03
2.672474777087339992e-03
2.313153887176198475e-03
2.483745115265695302e-03
2.991553373725403583e-03
3.063570345952798795e-03
2.656547343729784641e-03
2.549949283642522369e-03
3.031146954836924558e-03
3.389951660073685803e-03
3.110266854061536756e-03
2.760551872373064389e-03
3.047973515291406595e-03
3.608999630261594538e-03
3.603999989251273003e-03
3.145313384149020161e-03
3.131214959059805750e-03
3.725954167507448522e-03
4.056855389581167509e-03
3.683553620009525926e-03
3.367424706606574406e-03
3.798905494374355679e-03
4.408820092675693435e-03
4.309085498318520821e-03
3.810421904217622686e-03
3.925270550667013525e-03
4.648126486044453637e-03
4.933007402648856635e-03
4.460938119481583711e-03
4.213201201352052838e-03
4.824400559800151068e-03
5.477896248725220435e-03
5.264497333425363634e-03
4.747144798928665428e-03
5.041827426970806394e-03
5.912425142767530235e-03
6.130278169433336574e-03
5.559720560212355438e-03
5.433340708418121952e-03
6.274532789238959109e-03
6.966649705028144478e-03
6.620989142875195917e-03
6.123803769981474125e-03
6.674572137683420364e-03
7.723132654446104688e-03
7.851256043101315085e-03
7.194918591217256375e-03
7.276516520317063974e-03
8.425931284006675168e-03
9.156340918420416766e-03
8.665473192216973167e-03
8.263287361765308051e-03
9.196134743180824078e-03
1.047729492881629976e-02
1.049718173144253801e-02
9.799110071166390254e-03
1.024603013434047943e-02
1.184258208187813528e-02
1.263008530396677979e-02
1.200553032355637303e-02
1.185829383763879058e-02
1.341194052442930967e-02
1.504507404454090598e-02
1.496787169425899816e-02
1.436331353712500675e-02
1.550887910806534632e-02
1.784860167672111531e-02
1.878755958286657327e-02
1.814098767907176835e-02
1.865451740431592689e-02
2.138181909826153068e-02
2.369917765813265437e-02
2.368915610026915697e-02
2.364462460179804146e-02
2.638431482314579704e-02
3.029538493025741089e-02
3.183938987865227860e-02
3.177667232718069112e-02
3.432454055955341116e-02
3.999635770191623668e-02
4.432921836203124188e-02
4.552647420998419403e-02
4.827403886672917283e-02
5.625190223976588716e-02
6.544252159388867784e-02
7.072001475083360134e-02
7.577710571519753746e-02
8.853250973072725183e-02
1.078610412855264267e-01
1.250678659168763251e-01
1.410921361754832182e-01
1.707519553649124722e-01
2.224542156121772918e-01
2.868764307167041006e-01
3.646747343769990435e-01
4.993939040587433431e-01
7.504581158396452789e-01
1.110210668484489904e+00
1.460786191201847384e+00
1.646020577837281396e+00
1.603110689681340961e+00
1.417466144169509334e+00
1.241955833013215660e+00
1.167523874007441176e+00
1.171773724490396296e+00
1.172778840088604779e+00
1.110927817964325603e+00
9.837656166192777496e-01
8.294493857842690776e-01
6.938337067013645720e-01
6.035786558506646138e-01
5.530265644145400117e-01
5.139556014216654090e-01
4.651020853235997010e-01
4.123843825991966305e-01
3.757446644069437069e-01
3.622583476562880600e-01
3.663297827132172557e-01
3.967574943811233434e-01
4.831717221528382122e-01
6.372321829649151281e-01
8.130702957988609203e-01
9.268594416691521287e-01
9.262660011472324539e-01
8.358782955083402522e-01
7.304557982108754732e-01
6.688598756587826877e-01
6.559107344610686230e-01
6.567870886328321944e-01
6.347256366213399614e-01
5.764101151673679535e-01
4.950444938140055595e-01
4.173947039353912425e-01
3.637003253719436335e-01
3.338021771921773073e-01
3.123448158902835670e-01
2.877481702165859412e-01
2.625033513663025952e-01
2.442797415568584429e-01
2.345587228484319053e-01
2.326124130983353577e-01
2.454045037426031139e-01
2.833708024364697264e-01
3.473583934278732244e-01
4.308161835513589222e-01
5.370889688703084364e-01
6.799345083152160685e-01
8.535132159576216404e-01
1.008852426844811356e+00
1.079822223139863535e+00
1.041850303946113332e+00
9.381426986829712877e-01
8.409561233999428564e-01
7.900708703979556491e-01
7.716588990023109940e-01
7.478375046432564899e-01
6.947253376419498805e-01
6.141841621812920149e-01
5.237565245340031206e-01
4.437827678214069094e-01
3.872932007506936780e-01
3.524450352277089804e-01
3.249858668502011994e-01
2.935231553162703233e-01
2.618270648221748820e-01
2.419978166903762884e-01
2.383747793284096972e-01
2.465285316739692090e-01
2.685225400164345522e-01
3.176761273548732167e-01
3.985747021266219381e-01
4.866752047236769241e-01
5.394580094001354409e-01
5.325940691219138712e-01
4.814058609185102866e-01
4.246578155822735012e-01
3.906765302903022485e-01
3.802032488144611033e-01
3.754565495670801334e-01
3.587252385266241350e-01
3.238915633629608215e-01
2.777599154834243245e-01
2.340695494340178928e-01
2.033476468480686083e-01
1.853427500053286547e-01
1.716003786180225754e-01
1.557628047296659157e-01
1.393678457111385272e-01
1.270620125958165092e-01
1.198834917744723283e-01
1.166271422965958066e-01
1.194671270137391966e-01
1.332327739151449031e-01
1.587744085101844005e-01
1.913080905790006114e-01
2.267867043269831961e-01
2.656111741424808104e-01
3.064013665251630880e-01
3.390541840900120341e-01
3.498974760660041317e-01
3.351753162612329251e-01
3.061726097856908857e-01
2.791128463366416845e-01
2.616722454238402662e-01
2.501983666634671755e-01
2.371071919336718570e-01
2.180101794192199904e-01
1.932103916282410794e-01
1.663217472806393649e-01
1.424965526156662665e-01
1.254331110379756364e-01
1.143439081307993516e-01
1.049739458221747579e-01
9.469724052883708720e-02
8.546767162155037567e-02
8.068479701036548879e-02
8.074813239434411316e-02
8.395011795745414840e-02
9.093939965698098760e-02
1.049865248767417741e-01
1.262581293006025396e-01
1.477110953084556366e-01
1.591511734628514863e-01
1.557454708375654862e-01
1.418158067319932325e-01
1.265316012853197059e-01
1.166365927262240920e-01
1.126874344185538196e-01
1.104427924908975983e-01
1.049801227629697797e-01
9.444130848828044544e-02
8.111860044180270457e-02
6.917615655071861214e-02
6.099976164171051068e-02
5.571291909421254018e-02
5.110197664365816184e-02
4.625902794728990047e-02
4.184808595587965335e-02
3.849171009301868840e-02
3.607944545478736220e-02
3.474076167831861850e-02
3.543994706966013819e-02
3.896797819106877919e-02
4.485016668377337506e-02
5.182505184102806362e-02
5.904827348418827809e-02
6.617136456367336828e-02
7.238794193497304075e-02
7.617640132970339428e-02
7.634838804458905781e-02
7.310912167534149020e-02
6.794040440080394150e-02
6.262116138690296263e-02
5.830062112150823095e-02
5.502243365085516397e-02
5.182978958462501617e-02
4.760903995979420822e-02
4.221059362558911288e-02
3.669074816508034742e-02
3.225435736632036726e-02
2.910418650575831781e-02
2.656995422821155015e-02
2.416613696500597222e-02
2.208426594522260381e-02
2.066937715498625219e-02
1.991593344354551307e-02
1.972018527812954489e-02
2.029505923085784744e-02
2.199370845721462797e-02
2.481273898066070627e-02
2.822215723606958521e-02
3.131334451538152902e-02
3.299394681973074478e-02
3.243578578685694935e-02
2.985022624185587267e-02
2.672330455949781594e-02
2.471280959729828253e-02
2.410309070330429043e-02
2.367501660612538611e-02
2.223334171526695005e-02
1.987119611592299065e-02
1.750416114498141648e-02
1.562848787114513513e-02
1.406785622072159042e-02
1.268898668376454257e-02
1.167933671098139899e-02
1.103323770176506229e-02
1.035276744289677885e-02
9.449489101177769440e-03
8.730483083651117970e-03
8.640959276670533845e-03
9.040270461308159630e-03
9.528770101314360322e-03
1.013875672909368870e-02
1.118674914463512089e-02
1.253268072600449007e-02
1.354493923326202318e-02
1.390258827202345802e-02
1.393242540270025510e-02
1.393338762852244263e-02
1.364357003072486085e-02
1.276677237612926404e-02
1.165940733869448749e-02
1.095038742746195885e-02
1.063443307596701089e-02
1.010793148031157405e-02
9.118071237496326586e-03
8.121077991421667835e-03
7.524809467502274231e-03
7.092615889780554822e-03
6.446038325952668790e-03
5.752196326132733885e-03
5.427136597211913542e-03
5.397228772830329688e-03
5.208314713050405526e-03
4.808021159858755569e-03
4.663052033007737164e-03
4.995659911201623220e-03
5.422408988033221300e-03
5.598246531475317180e-03
5.756037987881611022e-03
6.204437282138346686e-03
6.638856478513385437e-03
6.493097875783371796e-03
5.830779900838259366e-03
5.319854988001646370e-03
5.283933255101948452e-03
5.312853560043024302e-03
4.995383213383284074e-03
4.542018302660807104e-03
4.334970143958128894e-03
4.250954785797472595e-03
3.914836487403186918e-03
3.407036330743146851e-03
3.175732544520294860e-03
3.284252204189737692e-03
3.280956736315507934e-03
2.936928227408694848e-03
2.622388846475996304e-03
2.689452467079582638e-03
2.895986173186980515e-03
2.831610189101115439e-03
2.618250132191616078e-03
2.700422072867906219e-03
3.079387806975785510e-03
3.283276885755626300e-03
3.126429146612812182e-03
2.987150692696626669e-03
3.148224648285504520e-03
