8.365646399923518106e-02
7.719723309229606367e-02
6.584789502070874379e-02
5.502496905730536181e-02
4.814357024649384281e-02
4.484019473913984644e-02
4.342612947201767576e-02
4.376789439538279064e-02
4.680689651092132669e-02
5.215595439583069204e-02
5.792658574142202366e-02
6.327130643816761268e-02
6.984259322452837648e-02
7.992495810632899156e-02
9.372191049698741505e-02
1.090422564090157975e-01
1.230477170265442399e-01
1.338400428855220370e-01
1.414467892722267306e-01
1.485764472013555160e-01
1.595284194377735443e-01
1.759207017816655783e-01
1.927460092702250327e-01
2.005976762434153737e-01
1.936008644319767713e-01
1.746077279663344473e-01
1.515440143558232089e-01
1.297342761380652076e-01
1.096479507678897736e-01
9.124786421439497197e-02
7.715735132892972969e-02
7.003838872840127683e-02
6.909299998700817180e-02
7.151197032892396555e-02
7.630735428973264844e-02
8.425579658210433087e-02
9.449755795549290294e-02
1.042166557888550837e-01
1.129080010517063692e-01
1.248019447185739761e-01
1.448383994769768535e-01
1.725585679364520786e-01
2.011175552840554215e-01
2.222330552786769553e-01
2.323077731399538493e-01
2.358505984623862906e-01
2.442396706688813590e-01
2.680053259876247762e-01
3.051757165201717803e-01
3.366737887559375642e-01
3.384968158392380744e-01
3.030268441821196701e-01
2.474192820718553731e-01
1.983644780959648302e-01
1.697038657082519109e-01
1.573790065129777593e-01
1.533409605193345460e-01
1.571528858984228560e-01
1.715811476141951841e-01
1.931386239617402800e-01
2.140345308005957015e-01
2.327933397259980552e-01
2.575777032094714869e-01
2.973987299142904495e-01
3.525746626098384406e-01
4.138534880248872505e-01
4.676021732532477659e-01
5.026212823093174631e-01
5.189969537403353872e-01
5.342487437492985380e-01
5.736807852565811716e-01
6.438256303618111742e-01
7.144368110641983183e-01
7.361226032957661758e-01
6.828184179941653165e-01
5.749722531469130260e-01
4.582384341342216616e-01
3.636488260708411469e-01
2.930417698778792768e-01
2.371130701455704537e-01
1.947523723572968657e-01
1.706933572796316689e-01
1.636582977197677258e-01
1.662466608686159197e-01
1.742406691835612920e-01
1.884370093250397338e-01
2.073343121401887978e-01
2.253736572756767920e-01
2.416528207950860152e-01
2.653336869338819293e-01
3.070808924735330403e-01
3.656432461190519123e-01
4.253525770795476557e-01
4.669932043120186282e-01
4.823311531306364586e-01
4.829525377117676599e-01
4.968336809169247581e-01
5.482374403370419147e-01
6.299129427394488667e-01
6.951475341556185850e-01
6.893535027213760769e-01
5.990234110704876214e-01
4.673850455623219102e-01
3.566950977705012904e-01
2.974337050520747816e-01
2.781267104911503418e-01
2.772480593528618420e-01
2.901114832706968572e-01
3.210148853404449776e-01
3.632004772115394742e-01
4.013808430313307585e-01
4.329749479323437567e-01
4.760796540292998036e-01
5.520509727338587247e-01
6.631579824578038851e-01
7.865679346018611406e-01
8.856728852580550981e-01
9.319825925980764758e-01
9.312861651901673810e-01
9.345362356142586924e-01
1.005877816128684987e+00
1.155873470005781556e+00
1.303616159679302555e+00
1.325811976907252276e+00
1.162371475561707168e+00
8.738844513642309852e-01
5.885159720277387541e-01
3.951131425000731223e-01
2.926128964614593264e-01
2.314113602444871631e-01
1.794457322988403103e-01
1.386942870507402725e-01
1.161027008548738693e-01
1.034315270682834298e-01
8.895036472655867832e-02
7.318845575459792530e-02
6.343109643031996647e-02
5.967064107695505687e-02
5.504556276840977952e-02
4.721803063344031520e-02
4.093243382408907893e-02
3.906716612065048999e-02
3.801119109361829340e-02
3.410932286148182085e-02
2.942648608220249998e-02
2.764349953266265550e-02
2.781229253260261020e-02
2.628958555481134690e-02
2.287825072051801953e-02
2.078776814604222159e-02
2.104396433915567063e-02
2.095364361535417136e-02
1.879268096689734255e-02
1.654316401097455369e-02
1.634114792721098885e-02
1.692941450891635724e-02
1.594474727031671910e-02
1.387782178644227440e-02
1.307278425567675456e-02
1.373007476588541075e-02
1.369195887231249714e-02
1.214098918927099258e-02
1.087417837808802440e-02
1.117963847203566966e-02
1.172158106470426453e-02
1.088385362712560207e-02
9.462593579432455188e-03
9.226122604471894209e-03
9.928734017319189309e-03
9.806665960240665628e-03
8.574895452178149871e-03
7.835907519343494887e-03
8.332381890571399427e-03
8.743867711987938010e-03
7.965619860465268653e-03
6.938841834059456329e-03
7.003610256920876458e-03
7.649370220176594792e-03
7.431851059389818319e-03
6.413365361375707868e-03
6.005613594736280980e-03
6.567776721136426611e-03
6.841326520353284771e-03
6.102520971536202349e-03
5.352764620773291585e-03
5.591761878389718381e-03
6.147405152806706408e-03
5.848332063899033990e-03
4.995104637239105444e-03
4.814628390026228812e-03
5.382783386123477301e-03
5.529504717164076578e-03
4.828817220251141115e-03
4.290468516140946362e-03
4.632715359014417944e-03
5.088393231345124564e-03
4.726206944159868500e-03
4.012577803596048889e-03
3.996011969332691205e-03
4.538007465065581683e-03
4.573393078413177243e-03
3.915043913396721101e-03
3.546232656321993137e-03
3.947187136908295903e-03
4.302355593272424138e-03
3.895018440168500698e-03
3.305164263032974500e-03
3.409577503848737045e-03
3.906698256517505269e-03
3.846716583767036905e-03
3.236244163370359875e-03
3.007286193267803744e-03
3.436551304719677805e-03
3.694875119162168656e-03
3.258701233029353325e-03
2.781442358993230397e-03
2.975321062307232246e-03
3.416277335312297141e-03
3.276286670811568835e-03
2.719023449272861635e-03
2.607028614365968638e-03
3.042601175250089426e-03
3.209898376233935591e-03
2.759392590240512116e-03
2.385776399142563661e-03
2.644561386928274277e-03
3.022644879450227164e-03
2.817137187866384281e-03
2.317614935956323254e-03
2.303737913016474636e-03
2.729070262563346172e-03
2.812400141719063190e-03
2.360343289938853732e-03
2.082425248151043278e-03
2.386134943770842117e-03
2.697752321495613861e-03
2.440331810213706466e-03
2.002040586302551717e-03
2.069992486991805054e-03
2.472385793026664856e-03
2.479599101404950708e-03
2.037167267736302630e-03
1.847366707495370908e-03
2.179264123972460103e-03
2.423118974402440392e-03
2.126529069607044353e-03
1.751824328790289398e-03
1.887038555788476610e-03
2.256713791559559687e-03
2.196197275635050367e-03
1.773061151541143387e-03
1.663818919141517305e-03
2.009637078315282092e-03
2.186234811575925394e-03
1.862377271531553448e-03
1.552456610717416760e-03
1.741617550565694372e-03
2.071150079099615213e-03
1.951653191268806807e-03
1.556050741783425928e-03
1.519658260901546364e-03
1.867139602642555298e-03
1.978459229138616188e-03
1.638392495569779023e-03
1.393310613715133218e-03
1.624094105712802199e-03
1.908050356686128010e-03
1.738545448786234498e-03
1.377334077084362788e-03
1.405866429886964541e-03
1.744484747561823564e-03
1.793738423880882017e-03
1.447656675100122579e-03
1.266365488900046731e-03
1.527307413696215406e-03
1.761995812726130243e-03
1.551550695325525737e-03
1.230247447112059033e-03
1.315563010491915341e-03
1.636353141120083614e-03
1.627791753485206046e-03
1.284990368113923852e-03
1.165398546310776780e-03
1.445842372837844499e-03
1.629128566108142221e-03
1.386782909549056329e-03
1.109600424832642455e-03
1.243384662680122738e-03
1.538835325809578217e-03
1.477577612567800187e-03
1.146411434093371233e-03
1.085460472032820931e-03
1.375553259404308209e-03
1.506710259810909195e-03
1.241353278810792106e-03
1.011237598760187381e-03
1.185076580845463709e-03
1.449058675246817258e-03
1.340931799636545631e-03
1.028772066622410776e-03
1.022527014342354199e-03
1.313243978360056343e-03
1.392819615419778291e-03
1.113069358905499021e-03
9.317440878640398036e-04
1.137217719043313651e-03
1.364930345436412640e-03
1.216315720242227769e-03
9.295106506292768371e-04
9.732638119880718686e-04
1.256447902144785904e-03
1.286138989775189581e-03
1.000224930133207946e-03
8.682448419352663000e-04
1.097032344149956751e-03
1.284954968536877479e-03
1.102636594728586845e-03
8.464796876075834182e-04
9.348654925172772889e-04
1.203272399525652384e-03
1.185799426750501874e-03
9.014506423501824142e-04
8.182666313044821083e-04
1.062258385008549083e-03
1.208101531302595505e-03
9.991162038933815420e-04
7.778254450506616891e-04
9.049444719053578636e-04
1.152286112542968630e-03
1.091265114139956935e-03
8.156065408950777208e-04
7.796428264276921089e-04
1.031053700696057691e-03
1.133703252409204660e-03
9.051932681595206221e-04
7.219036191272018479e-04
8.814535073785243185e-04
1.102434869944561927e-03
1.002245050692125976e-03
7.417042209216456001e-04
7.504478886876665396e-04
1.001927917336338514e-03
1.061380013394838413e-03
8.204497926781950060e-04
6.772206053069022283e-04
8.626313950069579035e-04
1.052976989655575327e-03
9.186239980883669767e-04
6.788504813901583609e-04
7.289527553937287388e-04
9.736915881449876263e-04
9.909765029212308854e-04
7.445549853487950977e-04
6.423933080663003347e-04
8.469645962407391449e-04
1.003431821256789511e-03
8.404074945784236177e-04
6.262069577487628129e-04
7.135950279332363725e-04
9.454170794832333002e-04
9.225115490153261389e-04
6.772224409337945783e-04
6.161225628993330285e-04
8.331597859412153036e-04
9.535373995208722923e-04
7.676774483724544285e-04
5.829618907311907416e-04
7.029596550244629092e-04
9.164073349052230706e-04
8.561356293294835468e-04
6.181776335578460790e-04
5.971766456347970793e-04
8.201237864826657446e-04
9.032144253832327099e-04
7.005559673832090781e-04
5.483112851165447424e-04
6.957669952754960306e-04
8.861698517366826131e-04
7.920945577866385151e-04
5.671336421895471379e-04
5.843822784551137199e-04
8.069483572013508950e-04
8.525347039156884943e-04
6.391758337392723557e-04
5.214474377621671972e-04
6.908659587346328412e-04
8.543940219813587556e-04
7.306980249624340324e-04
5.237736147086840752e-04
5.766211766567961054e-04
7.928980111695983378e-04
8.016927993135046070e-04
5.836565303239594398e-04
5.015532997906437668e-04
6.872304985747190991e-04
8.209305663815074381e-04
6.722921302793728000e-04
4.877388597900720766e-04
5.728306201937187307e-04
7.773995349582178216e-04
7.509801076551713946e-04
5.340850565775818190e-04
4.878014663879051303e-04
6.839581353133576593e-04
7.857722059395217404e-04
6.172353566771578018e-04
4.586217082680785033e-04
5.720068463585094385e-04
7.600322575526509764e-04
7.007608592586976473e-04
4.905009866677142701e-04
4.793568129912971769e-04
6.802695005031097163e-04
7.490350195377833923e-04
5.658776488240086291e-04
4.359624507736891796e-04
5.732102883130939892e-04
7.405183937524461354e-04
6.514497820973624755e-04
4.528853605486009423e-04
4.753819539028875953e-04
6.755081197633453025e-04
7.109401623125865145e-04
5.185423940682145662e-04
4.192497645887837895e-04
5.755718567621155536e-04
7.187130029340665655e-04
6.034913120389695865e-04
4.211530817642858914e-04
4.750448120848600655e-04
6.691398386666479745e-04
6.717957885512099939e-04
4.755111918502895828e-04
4.079241101432120892e-04
5.782995980818975926e-04
6.945932737720695443e-04
5.573403413984752723e-04
3.951485416449710135e-04
4.775276729460230674e-04
6.607514447814166704e-04
6.319791496916801277e-04
4.370113463758304776e-04
4.013836195304106990e-04
5.806851739421693172e-04
6.682469812595785274e-04
5.134445667131515029e-04
3.746442097485751569e-04
4.820371611784040038e-04
6.500481644060794291e-04
5.919189319889562586e-04
4.032060388361633180e-04
3.989920256031819325e-04
5.821097034856701413e-04
6.398600721531030617e-04
4.722285379763927014e-04
3.593419332651625795e-04
4.878146354170460083e-04
6.368498199384585879e-04
5.520779665129940889e-04
3.741871372058299772e-04
4.000881973689928350e-04
5.820485944829213807e-04
6.097034236703287053e-04
4.340795309060059277e-04
3.488766801789010752e-04
4.941465457753417990e-04
6.210855272582957876e-04
5.129364909191573996e-04
3.499705886858787561e-04
4.039968604482550179e-04
5.800750684780595860e-04
5.781188916603689906e-04
3.993353659096908503e-04
3.428224467891775461e-04
5.003743473146036623e-04
6.027868944959954064e-04
4.749761714715828643e-04
3.304943171062883008e-04
4.100400935231404286e-04
5.758621583885207337e-04
5.455048206633064493e-04
3.682742858488119919e-04
3.407000334150358622e-04
5.059036105776566154e-04
5.820797556649890195e-04
4.386651076913351539e-04
3.156185180826667053e-04
4.175492058507221794e-04
5.691830267403325113e-04
5.123012309205286297e-04
3.411069823812012177e-04
3.419863756270480901e-04
5.102120192688506346e-04
5.591745355428722657e-04
4.044440428389889809e-04
3.051282116409900487e-04
4.258766181018078549e-04
5.599095188438668862e-04
4.789749277022664728e-04
3.179708303343490141e-04
