1.071642277001311185e-14 6.015373938846325956e-14 5.145480194128719992e-13 1.666257162895181083e-12
2.585306795515571860e-15 3.975372220268794554e-14 5.110480960699136930e-13 1.678281693436677638e-12
5.222201836417579892e-15 4.961624618504954112e-14 5.682940595994621191e-13 1.784666606481491793e-12
1.488839933026236530e-14 7.634346445194820781e-14 6.121532678416506142e-13 1.875645106449866498e-12
1.557173598560935010e-14 7.694118658759926358e-14 5.889618806080945384e-13 1.864990721864549399e-12
6.079772260542987331e-15 5.170980991664926363e-14 5.589437955617148764e-13 1.839754490411790742e-12
2.727651654695792118e-15 4.557004318392343152e-14 5.972319555935320065e-13 1.917652311460034581e-12
1.194568335493764752e-14 7.249153255995307612e-14 6.649625837402276396e-13 2.045446155559031090e-12
1.876708785013482640e-14 9.008139558319166575e-14 6.714422469086172372e-13 2.083438587184703478e-12
1.172892316005308946e-14 7.029785109314026714e-14 6.283446456083987540e-13 2.042693173479073618e-12
2.793939400949368369e-15 4.843143398165808371e-14 6.339728299719061833e-13 2.072501451060615114e-12
7.719300121546273676e-15 6.494487859093973468e-14 7.074599835007563120e-13 2.208949662349506847e-12
1.903943204730533620e-14 9.590305870352378038e-14 7.524006227012557500e-13 2.307860337388224005e-12
1.794784217947634681e-14 9.150126004149920979e-14 7.181734365691539502e-13 2.285698380924736992e-12
6.251935997463044935e-15 6.086893399232004120e-14 6.892261649424526955e-13 2.266303801315347551e-12
4.141990325431115662e-15 5.885490451581780371e-14 7.452544317028691811e-13 2.376347602148528834e-12
1.615230747592843370e-14 9.337795904304379479e-14 8.235682757047595050e-13 2.527063319729666628e-12
2.266406456326276192e-14 1.097476151030195982e-13 8.211071160118213129e-13 2.558068470353483103e-12
1.270988215770608494e-14 8.231735093167467460e-14 7.704757151974745633e-13 2.510922913744105524e-12
3.269905309761693773e-15 5.998626846858862359e-14 7.895803004601098509e-13 2.566274054826265301e-12
1.118537243948724131e-14 8.505930033976479543e-14 8.819651091544153373e-13 2.738403298777258641e-12
2.409531819742246953e-14 1.199750591816949087e-13 9.257793470291862298e-13 2.843439884589435550e-12
2.049775772636996426e-14 1.086552438417609890e-13 8.785579517338018382e-13 2.807946508571920787e-12
6.454441360913136247e-15 7.246269777552057472e-14 8.539357325279466431e-13 2.800458889026023959e-12
6.330896068282340086e-15 7.670739006932931067e-14 9.324219753375340260e-13 2.951409688002226731e-12
2.154905842268726674e-14 1.198666250898148243e-13 1.021105542809919665e-12 3.126573232771073391e-12
2.713256403335114830e-14 1.333040932022790433e-13 1.006423344620530227e-12 3.147120304338737397e-12
1.365588108640201049e-14 9.678713829813294717e-14 9.492020656819055382e-13 3.096214333931737789e-12
4.191981115089038461e-15 7.552016495916000667e-14 9.873495193430512936e-13 3.187098748240946816e-12
1.591691150463749302e-14 1.113583717480688081e-13 1.101323560914763723e-12 3.401040519379407213e-12
3.020689733195198890e-14 1.495532022539208155e-13 1.140998559661574221e-12 3.509574461186784650e-12
2.320881471794958493e-14 1.290064588892563086e-13 1.079001612003792070e-12 3.459511400674313827e-12
6.782009987603271690e-15 8.744733966627965940e-14 1.063352447469755186e-12 3.472484759020261275e-12
9.603771284229323938e-15 1.006652178179299734e-13 1.169791800857567621e-12 3.674784641256419487e-12
2.841082228381343805e-14 1.533729001609471528e-13 1.267949552507749092e-12 3.875395478131078183e-12
3.221931562211448871e-14 1.615766097729612585e-13 1.237272986632389265e-12 3.881665043495270099e-12
1.458439082425278796e-14 1.145323051849144745e-13 1.175523700073625475e-12 3.831713620906996541e-12
5.817015617767285407e-15 9.654247654442635247e-14 1.239745199173605471e-12 3.970855417773324148e-12
2.228914604596062790e-14 1.456428361318741605e-13 1.377907735312751938e-12 4.233205850728002466e-12
3.754629843086652330e-14 1.858842710160303920e-13 1.409487277298119916e-12 4.341701632590777682e-12
2.607260317170196692e-14 1.533871859302609649e-13 1.331368232686165479e-12 4.276916059801033319e-12
7.391405605249771445e-15 1.071771918098527194e-13 1.331141079945809752e-12 4.322141757992794833e-12
1.437216843161207402e-14 1.327667055769393982e-13 1.471852513010100706e-12 4.588148999182472341e-12
3.707003788427979716e-14 1.956901754174807130e-13 1.577683305690011537e-12 4.814502275404425317e-12
3.797462650738263818e-14 1.956427907274404500e-13 1.526819761694341043e-12 4.802571046426330148e-12
1.554892337739648648e-14 1.367408421967346581e-13 1.464187212783722193e-12 4.761204468848847177e-12
8.509154318019505377e-15 1.251201028442985108e-13 1.563268270877770536e-12 4.964676419235046875e-12
3.077760044601397788e-14 1.902439570207946950e-13 1.727953671757948816e-12 5.282432378069128755e-12
4.631204656339697810e-14 2.305575497715618644e-13 1.746405201264245282e-12 5.386417955842562875e-12
2.909378507407149482e-14 1.829658439895695856e-13 1.651628990274945106e-12 5.308563207468459442e-12
8.530205814766788445e-15 1.335680711187764571e-13 1.675587925777994412e-12 5.402029722376347884e-12
2.118266446149941409e-14 1.757233684539522742e-13 1.857746455089849716e-12 5.746294463776141670e-12
4.793104538028980399e-14 2.491151635728464762e-13 1.968280240991865716e-12 5.997804301015725496e-12
4.445742851000227642e-14 2.369412857674601946e-13 1.892775395172505796e-12 5.964066924411594172e-12
1.666207110223142362e-14 1.651278525681564629e-13 1.835108505709043255e-12 5.942958970119097776e-12
1.278041737083670295e-14 1.640882604295318052e-13 1.979932422910295610e-12 6.230946777181438830e-12
4.198704711580032650e-14 2.482026872750367406e-13 2.172983180261734359e-12 6.611436322787405606e-12
5.673699376793403314e-14 2.856352853993699256e-13 2.172086530970622680e-12 6.705572557079337556e-12
3.230496519076560775e-14 2.194067056606942598e-13 2.061473284320997463e-12 6.619138977618366942e-12
1.057826197529322007e-14 1.693316384403017594e-13 2.121352054831034484e-12 6.782274687305874905e-12
3.076187168539405135e-14 2.331618848866107700e-13 2.353002370449295676e-12 7.221876486844528746e-12
6.148988749446878168e-14 3.166267852595288026e-13 2.463797242625467230e-12 7.496926821203479115e-12
5.174472722932649413e-14 2.874355995544807135e-13 2.359220199002769383e-12 7.438781552108916380e-12
1.813050620669408859e-14 2.021768737620814924e-13 2.315406174842404261e-12 7.455173008303133717e-12
1.934776029270012119e-14 2.173503764749662957e-13 2.519367157475592247e-12 7.852943617900146771e-12
5.669115666496944445e-14 3.235235568704009103e-13 2.741842700967401763e-12 8.303770318067642486e-12
6.910088229889618716e-14 3.538457888438522882e-13 2.714127633430306239e-12 8.382088400490130127e-12
3.579120425221061614e-14 2.651097900981063451e-13 2.590633468696480063e-12 8.295874372479707065e-12
1.410802762741425066e-14 2.183156187651003557e-13 2.701978240410182909e-12 8.557177824188714394e-12
4.407909297597761954e-14 3.099688081353323861e-13 2.992026196229593994e-12 9.112161290712044661e-12
7.836237076977010149e-14 4.021461839480501276e-13 3.096830902168648611e-12 9.408030671989927955e-12
5.994843492063425409e-14 3.498624757139530976e-13 2.959253375853890172e-12 9.324959460277439581e-12
2.030835186835883090e-14 2.514983318067440841e-13 2.942346375345121528e-12 9.403733743573715915e-12
2.921448916363867664e-14 2.903112151080622477e-13 3.221856504095895234e-12 9.942890938577317516e-12
7.588794320981218968e-14 4.215410181034220579e-13 3.473668699834936409e-12 1.047192942788437744e-11
8.375054827128598250e-14 4.388736413089813388e-13 3.410446256121516326e-12 1.052834545920868133e-11
3.973000315249964080e-14 3.235748586848698274e-13 3.280285009218916509e-12 1.045756179544205545e-11
1.997342126445645671e-14 2.860045918719279896e-13 3.463555443724264738e-12 1.085477464408426928e-11
6.243513170525850834e-14 4.127902572270312140e-13 3.821736254627336484e-12 1.154874447894319712e-11
9.932489319573974964e-14 5.109217208270526290e-13 3.912132998644214956e-12 1.186168481519466641e-11
6.924459760644029430e-14 4.281130042784304076e-13 3.738904997527629255e-12 1.175692727123474424e-11
2.377920316460246277e-14 3.183688638217161107e-13 3.767670461429042742e-12 1.193347180031741952e-11
4.378835029313855018e-14 3.905128600585224065e-13 4.142798547861201387e-12 1.265362833773187626e-11
1.008790300576522832e-13 5.494582849019117101e-13 4.422268101101420885e-12 1.326913985864893834e-11
1.011328463562986828e-13 5.458029300697691019e-13 4.313830713663606453e-12 1.329842115682145968e-11
4.445639644147881699e-14 3.999606246155915913e-13 4.188093989756370248e-12 1.326772158005114492e-11
2.944264438591285871e-14 3.802688324140024451e-13 4.470128186206681525e-12 1.385077995814724643e-11
8.759068434035999394e-14 5.507700027171484476e-13 4.906956126668189550e-12 1.471175960021864516e-11
1.253754255416884697e-13 6.501101740536640239e-13 4.972016846905048254e-12 1.503736596135602685e-11
7.992356877452199189e-14 5.278255608330703619e-13 4.762999746353170360e-12 1.492049768399185630e-11
2.948360679575376217e-14 4.105550533968897249e-13 4.864058042300004951e-12 1.524470718252270478e-11
6.505599194248371428e-14 5.285857671083950000e-13 5.359362010781910574e-12 1.619577845993520878e-11
1.333856592407339237e-13 7.171562252692449543e-13 5.662699072736856023e-12 1.690677024389890443e-11
1.218490330478933202e-13 6.818061307572982167e-13 5.498815365640044186e-12 1.690623658989366088e-11
5.056940361466824319e-14 5.019566845686053162e-13 5.395834736474487840e-12 1.695412754610236693e-11
4.440009859953100647e-14 5.125041096321506177e-13 5.811841209814835109e-12 1.778925846667516707e-11
1.219559937869188943e-13 7.366621410395509113e-13 6.338558872242195348e-12 1.885099082684562160e-11
1.578270421274800332e-13 8.296723988701201648e-13 6.364582816399768783e-12 1.918509817537035605e-11
9.247599895332366356e-14 6.573232867068135113e-13 6.124097811789491917e-12 1.907600670555134695e-11
3.892009977819042007e-14 5.395935455153520127e-13 6.334952815953006286e-12 1.961798423338556728e-11
9.584603622014131380e-14 7.196999309714088752e-13 6.980608451261322392e-12 2.086343584491727951e-11
1.757227803047768644e-13 9.384345871772930268e-13 7.301341807032483476e-12 2.168048647103703931e-11
1.467459521698602842e-13 8.572355287480843320e-13 7.072260727504838616e-12 2.165291376779031340e-11
5.910783206980540447e-14 6.411668083870231900e-13 7.021099175668225387e-12 2.183826185412972076e-11
6.765939161472395118e-14 6.994014917270209442e-13 7.617435468877508511e-12 2.301380890438002296e-11
1.688776559623720682e-13 9.885462136961553675e-13 8.246008905468457598e-12 2.431780882273056929e-11
1.984553446347790531e-13 1.063784631081555841e-12 8.216475015137858467e-12 2.465832550082727899e-11
1.077410524241863145e-13 8.291240731939039772e-13 7.956390327451878419e-12 2.459338541778630113e-11
5.446794231975885952e-14 7.228201911316636275e-13 8.329799415050169125e-12 2.545173045049137648e-11
1.402349036296902126e-13 9.858291237274120622e-13 9.163202284501521655e-12 2.707333150906113088e-11
2.310674235588668141e-13 1.232962561908086128e-12 9.491627565870767280e-12 2.801028261630438940e-11
1.770716189993038984e-13 1.087389735774582551e-12 9.189964364373141859e-12 2.796879648215776723e-11
7.184485681106637691e-14 8.353479505524392141e-13 9.235668153012963888e-12 2.838060085131466398e-11
1.034594402388014820e-13 9.657576062295714541e-13 1.007383200790413650e-11 3.001553525336937446e-11
2.330836957286159890e-13 1.332536422756006876e-12 1.081709739917081862e-11 3.161443997922732866e-11
2.497375976506800672e-13 1.373117076315891517e-12 1.071309115135189605e-11 3.196484103919316312e-11
1.271649340170471636e-13 1.062425132904084116e-12 1.045776099990477268e-11 3.200662350038332752e-11
7.991627479392063746e-14 9.866599486710118943e-13 1.106819797498070310e-11 3.332076925953925116e-11
2.041889693494208907e-13 1.359372570780143320e-12 1.213635221869513219e-11 3.542579208404443385e-11
3.038847045368304987e-13 1.629425298017654360e-12 1.245916806672596458e-11 3.650303698710040129e-11
2.147462069670098383e-13 1.395442315205933846e-12 1.208333316278231393e-11 3.647935454910320400e-11
9.179109043765962511e-14 1.112119097803706627e-12 1.229500401675988798e-11 3.725173465877339292e-11
1.582708711253507471e-13 1.349050996040325145e-12 1.345755970089599623e-11 3.950846190807416988e-11
3.213942854882176955e-13 1.807178721658514302e-12 1.432975186040557290e-11 4.147166403770506135e-11
3.152527610207258838e-13 1.788613268703691879e-12 1.413137303728311423e-11 4.184744613657498505e-11
1.532597762715053856e-13 1.387292739272811837e-12 1.392566451674081610e-11 4.210025002659656206e-11
1.213534789404833289e-13 1.372099973370819887e-12 1.487915402936624052e-11 4.406932698820903986e-11
2.966100818392165748e-13 1.889111175151303458e-12 1.624242363436643693e-11 4.680184332053270077e-11
4.006261501951759811e-13 2.170749123887449866e-12 1.654293495901575300e-11 4.805257041296254919e-11
2.628456758203376046e-13 1.817430723933308066e-12 1.610331007633631999e-11 4.811099705743241287e-11
1.240741913776201720e-13 1.515270521888916731e-12 1.658683670598730831e-11 4.944675556588124484e-11
2.421450387482266476e-13 1.907110201547050751e-12 1.818654828657361962e-11 5.255101704921316331e-11
4.438935016474785117e-13 2.470807022217934267e-12 1.920470672597781896e-11 5.497439970188502377e-11
4.003735982723179757e-13 2.357950861855073527e-12 1.889445964977868683e-11 5.541489997082432893e-11
1.904371133503128099e-13 1.851929910164773120e-12 1.881708185038991861e-11 5.605014602020866531e-11
1.887056896925003699e-13 1.944066705623273091e-12 2.026666132081601621e-11 5.896270872420186902e-11
4.310936142786298136e-13 2.650315388190405938e-12 2.200497957012855037e-11 6.252197284324947034e-11
5.309161435219602991e-13 2.923065945323914139e-12 2.226470135042826691e-11 6.400394981101270545e-11
3.264901318070141856e-13 2.411022600075690910e-12 2.179482642558883294e-11 6.426552972902209964e-11
1.775213206451849234e-13 2.115831244597013150e-12 2.271358596781976659e-11 6.647427986711592236e-11
3.710463409972230737e-13 2.731386898926881349e-12 2.490808896312586487e-11 7.074719195303080662e-11
6.159321517315229904e-13 3.414278695709838178e-12 2.609541505043734617e-11 7.377043360901445840e-11
5.135098520302751451e-13 3.156970696177343154e-12 2.566560695205775959e-11 7.436058102310172791e-11
2.465659372064998760e-13 2.535701998502613798e-12 2.585185932366039360e-11 7.565946573674098352e-11
2.984892998036759449e-13 2.808044991618477612e-12 2.802281599720698998e-11 7.994196501843889068e-11
6.289955066827172187e-13 3.762522716282415382e-12 3.024652513088870078e-11 8.461350520794097251e-11
7.096506433492405639e-13 3.991671375404279759e-12 3.045002499404441954e-11 8.643148041648226579e-11
4.145322313948608401e-13 3.271478718766605790e-12 3.002720754911256187e-11 8.711663310933310825e-11
2.676048706007324830e-13 3.032186565526492163e-12 3.163695082428969104e-11 9.067858920168488006e-11
5.710407889695634101e-13 3.970805693761500818e-12 3.465343559407149042e-11 9.659027383119106393e-11
8.616950899377193853e-13 4.783902493972481159e-12 3.604697180540434986e-11 1.004285702066208871e-10
6.684379657343430020e-13 4.310702882687765967e-12 3.551534490399983348e-11 1.013395724627831970e-10
3.359898051453923343e-13 3.573386835100717170e-12 3.619727341776065146e-11 1.037670762204097054e-10
4.789331880860225090e-13 4.140711319354841277e-12 3.943014596449082952e-11 1.100660200880928652e-10
9.250151138383988665e-13 5.422117799635938209e-12 4.229997369772666823e-11 1.162764586468903768e-10
9.608846474801104847e-13 5.550664018217562455e-12 4.244708894357066198e-11 1.186255188776643170e-10
5.428987380629254038e-13 4.561950432576921709e-12 4.223141053827916818e-11 1.201316127684991561e-10
4.221540495184468291e-13 4.468198552522787631e-12 4.494156744934126743e-11 1.258085441392084121e-10
8.861590774949333421e-13 5.876518087923771123e-12 4.912051225578433586e-11 1.340719065986087509e-10
1.220865214921235292e-12 6.824625233411355536e-12 5.078854669684255247e-11 1.390762151174633099e-10
8.888850230836947651e-13 6.033847577040091131e-12 5.023131498767584940e-11 1.406436916067843191e-10
4.856252145028313385e-13 5.202383107033768441e-12 5.181156452353076971e-11 1.449820774396290763e-10
7.799645934980137111e-13 6.249054166110352461e-12 5.663914633240825071e-11 1.543096236925468643e-10
1.377874666031447626e-12 7.964973524692620162e-12 6.040516998309249773e-11 1.627279040544197424e-10
1.325427647602940237e-12 7.900780941078343265e-12 6.054022139083422842e-11 1.659798067103675973e-10
7.415318617384216526e-13 6.573852654113383211e-12 6.085114660685103106e-11 1.690277713686227739e-10
6.929845047651443775e-13 6.789073858487758498e-12 6.533802766101723906e-11 1.780649729740424763e-10
1.393950559333893559e-12 8.890275506049928103e-12 7.121535569096945431e-11 1.898080326525452235e-10
1.761788197051022840e-12 9.965804634465467785e-12 7.329740450886886821e-11 1.965843940851585006e-10
1.218076681369275464e-12 8.712990783303230969e-12 7.292061066027564529e-11 1.994639940715691599e-10
7.479482209607028318e-13 7.859615375804505184e-12 7.611517629047939863e-11 2.070651194596224634e-10
1.293788867225145084e-12 9.690864152621667102e-12 8.340864459490368748e-11 2.210707657006551059e-10
2.091986844904626854e-12 1.199391496293418235e-11 8.849112012358854790e-11 2.328051953377096363e-10
1.876646230476224368e-12 1.158903090657955621e-11 8.877259052820769917e-11 2.376871677601788876e-10
1.069676653912697812e-12 9.854351585141711727e-12 9.024684305884930435e-11 2.436120433096186883e-10
1.181024118867264873e-12 1.068148673136992896e-11 9.767537565521982317e-11 2.581263757325124791e-10
2.238241944387619406e-12 1.382987906528377608e-11 1.061475354527134114e-10 2.752277725661556235e-10
2.609273526079068684e-12 1.500266067650448502e-11 1.089492282886122106e-10 2.848860168431114507e-10
1.740020344118177654e-12 1.308459900231424500e-11 1.092491470334511609e-10 2.903786044644854677e-10
1.230478879239710373e-12 1.239357265998322947e-11 1.153805734969309965e-10 3.036685355974072455e-10
2.200258506894918860e-12 1.553696426427887503e-11 1.266465438506781494e-10 3.251781721404609677e-10
3.264654023125217083e-12 1.865638496236523757e-11 1.338156904943511189e-10 3.421845134330738369e-10
2.755916529253499477e-12 1.767413936976408374e-11 1.346872755832754871e-10 3.501693733872927459e-10
1.652052176335729130e-12 1.549517702874591176e-11 1.386248142838389189e-10 3.615312060389548068e-10
2.094702598960107790e-12 1.751654589320885138e-11 1.511150360308120848e-10 3.853068418766335189e-10
3.703623267604504691e-12 2.230819934438454651e-11 1.637979451571484597e-10 4.110955268378147139e-10
4.008269951386579895e-12 2.351070538827379864e-11 1.680281217591993245e-10 4.258015337029186381e-10
2.631029900529159606e-12 2.065157221730232174e-11 1.701735523835255747e-10 4.365762556077931042e-10
2.168282679782856505e-12 2.056611919387491695e-11 1.818201112352856750e-10 4.601373167479248210e-10
3.875586190478059291e-12 2.598986788387514814e-11 1.998568475327766064e-10 4.943053306374718080e-10
5.298303826217943822e-12 3.030211741178414006e-11 2.106670528923079662e-10 5.202979847575259322e-10
4.259874887155321853e-12 2.836855795860613983e-11 2.133014335681472940e-10 5.345154584811207964e-10
2.772467241317277594e-12 2.584636595418759937e-11 2.224857031143197275e-10 5.564834350532952722e-10
3.898644890193985114e-12 3.024894360022254047e-11 2.441847459109016007e-10 5.967406389875580270e-10
6.401833037818868970e-12 3.777106062367986818e-11 2.642721914830991595e-10 6.375834628816440245e-10
6.485254265445267139e-12 3.888691880020588980e-11 2.716806235179058886e-10 6.618880922880674435e-10
4.298022290205269964e-12 3.475761643948726168e-11 2.785004586056241247e-10 6.837254388274153675e-10
4.121322259176444588e-12 3.636315497421587867e-11 3.010765223186011801e-10 7.268297455911126366e-10
7.181910996535291210e-12 4.599947744904265794e-11 3.315810319567627863e-10 7.838411973108535345e-10
9.098745639616344510e-12 5.221425859084663513e-11 3.495315578339805745e-10 8.265289608028111045e-10
7.081806348397947049e-12 4.876991246535778053e-11 3.570823820204870033e-10 8.540952291220458285e-10
5.145724895279826727e-12 4.648656797461891484e-11 3.779345949575418050e-10 8.979019320866200530e-10
7.739797283081587543e-12 5.591197266365084898e-11 4.177724253264834246e-10 9.696542807982806757e-10
1.179942518294961199e-11 6.838893217381857679e-11 4.523479738942979765e-10 1.038965783099013967e-09
1.131428991030992482e-11 6.930543920324511510e-11 4.676257287369289854e-10 1.083357216758876086e-09
7.802718305719488975e-12 6.372815042063576628e-11 4.864568962454147274e-10 1.129826805262674668e-09
8.588405264281824028e-12 6.988536920353003796e-11 5.325658740724739839e-10 1.213089438471623121e-09
1.435353948355435247e-11 8.807988930960816025e-11 5.886273804552338616e-10 1.315310349715031304e-09
1.699243110555503354e-11 9.783886816135502093e-11 6.227000334498565849e-10 1.392602532153822628e-09
1.309046667122775001e-11 9.224657169669175553e-11 6.442873881967877380e-10 1.451348162037386412e-09
1.083876203463473493e-11 9.251768625656159851e-11 6.933569256249267061e-10 1.544100995221540950e-09
1.687828191346232018e-11 1.136664589796765841e-10 7.732614659059470119e-10 1.682461063704838117e-09
2.398116103092750009e-11 1.364803930618455454e-10 8.405723390545478680e-10 1.812384119762516292e-09
2.212122216317313212e-11 1.375966688748759089e-10 8.778943730322685382e-10 1.904247547677091096e-09
1.642064659885662149e-11 1.317389469527717304e-10 9.301595980715375878e-10 2.011264177433403264e-09
2.030185294267570226e-11 1.510887919787660338e-10 1.033775882818707036e-09 2.187082104007532187e-09
3.228172697412047748e-11 1.895109036129180197e-10 1.150899015261794271e-09 2.391371616466118950e-09
3.617904040115625625e-11 2.078629067951240331e-10 1.228460745631601641e-09 2.551805506967791782e-09
2.844014188565178195e-11 2.008277056150010882e-10 1.294301852268487965e-09 2.693378426361644312e-09
2.714711832854661219e-11 2.132061450936858532e-10 1.421991315010701373e-09 2.911518715023504809e-09
4.270414682735554273e-11 2.668732642763502914e-10 1.607009670424558715e-09 3.213847377294879032e-09
5.711748014612798045e-11 3.168190059512796362e-10 1.764896416494479031e-09 3.496916423137866365e-09
5.198686762845262930e-11 3.228832545310178533e-10 1.875789854785815712e-09 3.722168324930838667e-09
4.308729097996420250e-11 3.267063589676409791e-10 2.037393276904773552e-09 4.004278130185665956e-09
5.846341220486063894e-11 3.921986500408855048e-10 2.312850090969452492e-09 4.435865678325158294e-09
8.868661594321017770e-11 4.923216424336290316e-10 2.614078673987451650e-09 4.922364059023553240e-09
9.631059809074253801e-11 5.421294529263231591e-10 2.842301195025329558e-09 5.331860068727318038e-09
8.069894421222586623e-11 5.486483244366255306e-10 3.079164686897346387e-09 5.745136325669904980e-09
8.935974451161709905e-11 6.230679911697394105e-10 3.486259110172763578e-09 6.365591468879032824e-09
1.406392171654410845e-10 7.995839430793149898e-10 4.036100550598294278e-09 7.186113435914014530e-09
1.813694693388060316e-10 9.557964186777324805e-10 4.537266694388144684e-09 7.979342809201047525e-09
1.704246501983005774e-10 1.012819956986225807e-09 4.977995688489720822e-09 8.703305362196226374e-09
1.647918667572747631e-10 1.110186514095919461e-09 5.625637872717976782e-09 9.663935696792081813e-09
2.427793633041041518e-10 1.413784746791734206e-09 6.632975487736448741e-09 1.107182572198822142e-08
3.605207507103679171e-10 1.817498551346630943e-09 7.761845454212097801e-09 1.267439728571735273e-08
3.997603016411069125e-10 2.084978824706738425e-09 8.787153384040976602e-09 1.418578276157950271e-08
3.844249372697508895e-10 2.306987057151156724e-09 1.002702143302201580e-08 1.593451356641050866e-08
5.043887241070248825e-10 2.894465813532826753e-09 1.203189424385342437e-08 1.856415423788304847e-08
8.191287740385673181e-10 3.949333868581041682e-09 1.475013652099207070e-08 2.206407180651768490e-08
1.095970763992386984e-09 5.022294765495983764e-09 1.761754077752794314e-08 2.579955971108697275e-08
1.185646456143873702e-09 5.939173790634536456e-09 2.081117102010303837e-08 2.990655747628082154e-08
1.466094664518838601e-09 7.572648653750955424e-09 2.576301612847289074e-08 3.591916268243083878e-08
2.493838114173046575e-09 1.100657945857764591e-08 3.363128826204892316e-08 4.510241079343384797e-08
4.114051242010378538e-09 1.599857439706120911e-08 4.387460134877338242e-08 5.684960793798884726e-08
5.619915729031206036e-09 2.176652684774458735e-08 5.625842687929258422e-08 7.080289861826638418e-08
7.730017296836822581e-09 3.068094994493048300e-08 7.512732317719963871e-08 9.126573021883034459e-08
1.430752888602474899e-08 5.026505379283397658e-08 1.094742290292101578e-07 1.268113942277473697e-07
3.050211071563899891e-08 8.842148640882934338e-08 1.646934134962509748e-07 1.812258088708826978e-07
5.719187364909970700e-08 1.441574533665048967e-07 2.319328693513585749e-07 2.431550457572796821e-07
8.664464830139298342e-08 2.035270622857896641e-07 2.873113594174102690e-07 2.875431758038523414e-07
1.050364709337451917e-07 2.474484202176253113e-07 3.060881933335581001e-07 2.921786762910781884e-07
1.015588077048595699e-07 2.655560149419299628e-07 2.815793521804200189e-07 2.559850971439495503e-07
7.682595927710481635e-08 2.623869805301119296e-07 2.317444189421713914e-07 2.013592266153924873e-07
4.297659465127400931e-08 2.495576461806483611e-07 1.866524915302262174e-07 1.574940596789318171e-07
1.522671921218035475e-08 2.328382953211807802e-07 1.674748528545594454e-07 1.398602871979284571e-07
2.214469749456953475e-09 2.084147222129410930e-07 1.744758738762203222e-07 1.432620915028916021e-07
2.676193755087726554e-09 1.715690952008910620e-07 1.918143649159944488e-07 1.512104118757179272e-07
9.400989476856898526e-09 1.266742915387882974e-07 2.020255704039647435e-07 1.500476079796714231e-07
1.541446942386446077e-08 8.660646879044449423e-08 1.972911170399279590e-07 1.360929064782714126e-07
1.735752659598457112e-08 6.248625180235810534e-08 1.808055223019573702e-07 1.139617776022215096e-07
1.524085251846471433e-08 5.519782465337084060e-08 1.609614502398122053e-07 9.120268938755043190e-08
1.078695971745362637e-08 5.678461651218044671e-08 1.449383051242855598e-07 7.363204324015290307e-08
6.138851795228734037e-09 5.839416747684397088e-08 1.357491211369896019e-07 6.272639549799449796e-08
3.025018153738624958e-09 5.595889571436565878e-08 1.326314255803570362e-07 5.574566480144321911e-08
2.080224161112588117e-09 4.980832618932550532e-08 1.327889374472897985e-07 4.878151638605287232e-08
2.665863689651292327e-09 4.162872354398311019e-08 1.331574776280444792e-07 4.037352171634673282e-08
3.550753347547247562e-09 3.306913016709283783e-08 1.320702406824276461e-07 3.203910618251070590e-08
3.980548504979830990e-09 2.611028965442526811e-08 1.306621698849395906e-07 2.551525165856669484e-08
4.228334309067326134e-09 2.288667418220676643e-08 1.327489402035626244e-07 2.098062323100803992e-08
5.276565700353137861e-09 2.437374242558510764e-08 1.418480358524341143e-07 1.919480077848376852e-08
8.026252539204185055e-09 2.951920783044935667e-08 1.565341886512171785e-07 2.420705263190824384e-08
1.256478829454802681e-08 3.586915467939691266e-08 1.684534920459436670e-07 4.100931539508411667e-08
1.780007711779218547e-08 4.095437040304211512e-08 1.666161493640592332e-07 6.880744468610113211e-08
2.170017585598197140e-08 4.332642126174720854e-08 1.458659332259692386e-07 9.781756927080802145e-08
2.226455146778161176e-08 4.298493312250160324e-08 1.121045660597772303e-07 1.152244715976483302e-07
1.880670909582334258e-08 4.123668273264160282e-08 7.869094437567247441e-08 1.156028233088417645e-07
1.258232789735449780e-08 3.975046044810566437e-08 5.673212676074126245e-08 1.052464545060091255e-07
6.113542871401307370e-09 3.907679600865641957e-08 4.800620811409030212e-08 9.605330803118556818e-08
1.671761076820772755e-09 3.796040363700319022e-08 4.624836294731349008e-08 9.555385909989161580e-08
1.199135830713797768e-10 3.449565807104405150e-08 4.405306366242840400e-08 1.026096323847349565e-07
8.630595583570843902e-10 2.821467043285446813e-08 3.821211487369083592e-08 1.110054586042340772e-07
2.603340907535155163e-09 2.090959676799126067e-08 2.981313570974262152e-08 1.153775726217274360e-07
4.119284962552992909e-09 1.526924512896967127e-08 2.134973775895699048e-08 1.139870082825527107e-07
4.670815776904656673e-09 1.280922450594596732e-08 1.460391233060836582e-08 1.081306972978481277e-07
4.125181870588655921e-09 1.313979813771805193e-08 1.025383838519476750e-08 1.007328940906513507e-07
2.918724671751332382e-09 1.485321242309827308e-08 8.019290190699143541e-09 9.500007016640415492e-08
1.782600872547393453e-09 1.665440749042322775e-08 6.849856646516332912e-09 9.262399874668117092e-08
1.265568881937667668e-09 1.770301254895580653e-08 5.637670159919151700e-09 9.249511115950470917e-08
1.390497419630351586e-09 1.751871060720690039e-08 4.149308576757033339e-09 9.188849001620598957e-08
1.776740677852100778e-09 1.617249105776413827e-08 3.013389554844997371e-09 8.952424331974572231e-08
2.119257380732828972e-09 1.459429404287323695e-08 2.684995300432202991e-09 8.690770502014546270e-08
2.517209350169878533e-09 1.423790102760465292e-08 2.889358783442316237e-09 8.604127951124469729e-08
3.287007684715708913e-09 1.603501080627636636e-08 3.448948790638795970e-09 8.666480900572703871e-08
4.482662931725352275e-09 1.965492865035530474e-08 5.243046143377118060e-09 8.746868048328022441e-08
5.755419500566319084e-09 2.407495114165298892e-08 9.597755579290443965e-09 9.029718131154124517e-08
6.886978214707319659e-09 2.913019662124064809e-08 1.654584432131233137e-08 1.009539965497621723e-07
8.497583110547575712e-09 3.638668185073975640e-08 2.411593094270513985e-08 1.230762553342752346e-07
1.193542908366925785e-08 4.794519585996034703e-08 2.961098916243786350e-08 1.506097324141293143e-07
1.797023660760216447e-08 6.380038723086968552e-08 3.140133290590874929e-08 1.684204033286434910e-07
2.529787289094185626e-08 8.033506747320954337e-08 2.941052891254196539e-08 1.630700066658639411e-07
3.054899799289056509e-08 9.206115295457205347e-08 2.440407040102456307e-08 1.343687515420599261e-07
3.038085966813324656e-08 9.561043848148074593e-08 1.750015019823347583e-08 9.630701675417411014e-08
2.412445863789084638e-08 9.223304848394591325e-08 1.039965376227820757e-08 6.624171033598279056e-08
1.458357224278707793e-08 8.609826703302468651e-08 5.393218367363609633e-09 5.253283204088914971e-08
6.127843196068186375e-09 8.002426200020593479e-08 4.402004893900047779e-09 5.118888537309200907e-08
1.736711231941130053e-09 7.318944512858642466e-08 7.699058843139737606e-09 5.234202610578744840e-08
1.499353857298948031e-09 6.323518674352026339e-08 1.354859986362406182e-08 4.885654792457654697e-08
3.453171942561917258e-09 5.016259500108183034e-08 1.916949749506264749e-08 3.994861746047329164e-08
5.462589419137671816e-09 3.742884218021543108e-08 2.233425319374426264e-08 2.916814528192467609e-08
6.378571694825849148e-09 2.904079943009015131e-08 2.256440968334791392e-08 2.050860774371035858e-08
6.019454261088200644e-09 2.605068621227634831e-08 2.120631366194767401e-08 1.584714517427215130e-08
4.720092724821798437e-09 2.619132991253103555e-08 2.034049069823758060e-08 1.449954711988180916e-08
3.081773514679362298e-09 2.647217702037532849e-08 2.131467125997110100e-08 1.439945906499393935e-08
1.803927815649595565e-09 2.549255774230817240e-08 2.409380110207206263e-08 1.395441119786965503e-08
1.332575640718556267e-09 2.340879215080359649e-08 2.788175685461003360e-08 1.316024525308141452e-08
1.552648828970900225e-09 2.065980889231767058e-08 3.213053448142337351e-08 1.300977109738084527e-08
1.936404851359223129e-09 1.748932073908285784e-08 3.676095954452776707e-08 1.405916294646960326e-08
2.069950089246357046e-09 1.444770884229959079e-08 4.165006076498785202e-08 1.609839861884499841e-08
2.014494559962399042e-09 1.252545182125492340e-08 4.645286323331218639e-08 1.928549566019690388e-08
2.167705436514749046e-09 1.235971132737048015e-08 5.106549357822140601e-08 2.471899020815756392e-08
2.853647120440799540e-09 1.350807112889940304e-08 5.568380690587116637e-08 3.287565266401233899e-08
4.057920026124788194e-09 1.476726262328653729e-08 5.981618944768385400e-08 4.152592229380161551e-08
5.435006020843821299e-09 1.515905503442551467e-08 6.150421818049314169e-08 4.625886214014502882e-08
6.456972394777020960e-09 1.451932963585146692e-08 5.844173349070983616e-08 4.396771649575939340e-08
6.619057937565546263e-09 1.332434306726866425e-08 5.040384680341905845e-08 3.583191824027563900e-08
5.699130098471561696e-09 1.222116119447700685e-08 4.023930753800700125e-08 2.650336586220136813e-08
3.953282171326834274e-09 1.167142813276847201e-08 3.188771589093268551e-08 2.030929432033516623e-08
2.037329050843750428e-09 1.170225493497898626e-08 2.729723667758034536e-08 1.828397277715975466e-08
6.384512635705236988e-10 1.180642428668122042e-08 2.540753714172500638e-08 1.843545581937983161e-08
9.792890195808300134e-11 1.124717032896392544e-08 2.389023686246791246e-08 1.814562453206496185e-08
3.125126436995262190e-10 9.703604508166664914e-09 2.136310901891714990e-08 1.615334936432622936e-08
9.091613716887293326e-10 7.645814430959983812e-09 1.791357230919564622e-08 1.290769690786037956e-08
1.476867606561314232e-09 5.973047964948181373e-09 1.421692383375556630e-08 9.754827560933071930e-09
1.718846842549477665e-09 5.270103540312729983e-09 1.081988000209198616e-08 7.839248715888920089e-09
1.542812473843034402e-09 5.457938391312487827e-09 8.110975608001064419e-09 7.371149236221366225e-09
1.094661745108828266e-09 6.070788449561806658e-09 6.312153800021612508e-09 7.708190702726329240e-09
6.642662611896883899e-10 6.670859612530422813e-09 5.229090792091242649e-09 8.160458357190956987e-09
4.723001510707491747e-10 6.963158085943824889e-09 4.333438483811101631e-09 8.662406670466727899e-09
5.148727027581433147e-10 6.751953656440692906e-09 3.348362168092240426e-09 9.586045528081387389e-09
6.256478231829131526e-10 6.044378938440848505e-09 2.560199092822717640e-09 1.114229616662509687e-08
6.796766793491980450e-10 5.187454422977473996e-09 2.352954390407186005e-09 1.336006090991049864e-08
7.046658572923914289e-10 4.694500625184268610e-09 2.689253747630384746e-09 1.657513609385698609e-08
7.938895259669803287e-10 4.809478003642934442e-09 3.421523048284622344e-09 2.137702718102789351e-08
9.581743477777120263e-10 5.292558762540972728e-09 4.955857592502355463e-09 2.788740378448707449e-08
1.104551652437236788e-09 5.704110841647126788e-09 7.985084534871041647e-09 3.571983402615403311e-08
1.152689866909520797e-09 5.865404651930906589e-09 1.223188418220271059e-08 4.517438388489488760e-08
1.140068117027914700e-09 5.981305314218898530e-09 1.581074561873638209e-08 5.776249733388018569e-08
1.197868916868896458e-09 6.338743457556350147e-09 1.642036630418297304e-08 7.408556165811229513e-08
1.424555035216442147e-09 6.958797327742610766e-09 1.338082502300582974e-08 9.072798287730598858e-08
1.774689778689229596e-09 7.555255367548630069e-09 8.357287066750479872e-09 1.005429245187420530e-07
2.058863914458667601e-09 7.785746418774605644e-09 4.000664674768491128e-09 9.778040761911849677e-08
2.064289594165476989e-09 7.530357332073842231e-09 1.932847089485277830e-09 8.353880164519067095e-08
1.713566095836803602e-09 6.968869294556584879e-09 1.932978297857045887e-09 6.560263945543931497e-08
1.136063322047606618e-09 6.412286787038277709e-09 2.682971626492356239e-09 5.237922946521955076e-08
5.840408643976962002e-10 6.030512168401839123e-09 3.003315188149957830e-09 4.687032352591608909e-08
2.600072796639372443e-10 5.716538899200057050e-09 2.517020447348011598e-09 4.608314146884599608e-08
2.040685947860253289e-10 5.231167713775460945e-09 1.550045862933236634e-09 4.515985587652663993e-08
3.213282121104972084e-10 4.494991214739677306e-09 6.563702305109148983e-10 4.136301929159780943e-08
4.855922611391253232e-10 3.711350294395367142e-09 1.766462287907007059e-10 3.486473114699604167e-08
6.066177068531330701e-10 3.176215587169380105e-09 7.431381231777927155e-11 2.734066122588930492e-08
6.339195518191500582e-10 2.994620315062608475e-09 1.005440434111276703e-10 2.057035311205395047e-08
5.534989125018696000e-10 3.023927354509016012e-09 8.819578271127630866e-11 1.567768481675145820e-08
4.045644232615725241e-10 3.067262317935014748e-09 6.879508361677371365e-11 1.268949560703321515e-08
2.718558769364125552e-10 3.044904652636488001e-09 1.442750131421427440e-10 1.065470600009466325e-08
2.241719413951544302e-10 2.961318691467743511e-09 3.516380072312737861e-10 8.603666981736146760e-09
2.542492916468000881e-10 2.794564637433447059e-09 7.011179328573942373e-10 6.488708980800319192e-09
2.943540556853057910e-10 2.510137283791345590e-09 1.254934160686983684e-09 4.965186786758142141e-09
2.936307598569132354e-10 2.166362381578732315e-09 2.057326796502063895e-09 4.407075540035172992e-09
2.664335630593721289e-10 1.913594107722049762e-09 3.012628667674312884e-09 4.687609695603254646e-09
2.613625340834841260e-10 1.842871721366511964e-09 3.939986288454701685e-09 6.024269885101660627e-09
2.998978276440605953e-10 1.872094702423957394e-09 4.757734194409060560e-09 9.317554921779038378e-09
3.590379146891377711e-10 1.823497883683310184e-09 5.509922837657629408e-09 1.493017745052783702e-08
4.040982828720384194e-10 1.600643174938654781e-09 6.171664892675864590e-09 2.128741216246330779e-08
4.191510457558666291e-10 1.262051135101318448e-09 6.538604112413037272e-09 2.545031434820316158e-08
4.035293996372662222e-10 9.387494989610745258e-10 6.419974846792024018e-09 2.550624567973705694e-08
3.556079446404767743e-10 7.211219353839262903e-10 5.902322335276400854e-09 2.223765027327197101e-08
2.735767080095231623e-10 6.259517441676814713e-10 5.311476997341713881e-09 1.828182006009796704e-08
1.693962898535017852e-10 6.251677600393985841e-10 4.901927239156321225e-09 1.583966796382552729e-08
7.271490539157183873e-11 6.707625578287752763e-10 4.662425933426533921e-09 1.529234500909355350e-08
1.681329415391254624e-11 7.069290744805295133e-10 4.436857678804433597e-09 1.561614616015188354e-08
1.876561772366305284e-11 6.938223879637366057e-10 4.134971906171361727e-09 1.557299657367717611e-08
6.793496006122241468e-11 6.328469478457194550e-10 3.763446216800718488e-09 1.448771381238889267e-08
1.296849664181691086e-10 5.620027425734009972e-10 3.332038625563808353e-09 1.241263284766426824e-08
1.649381433996219096e-10 5.246260429558657256e-10 2.841751234801976534e-09 9.956016308998795494e-09
1.559146095548504719e-10 5.444477920952773347e-10 2.353192580293006950e-09 7.859794994209705674e-09
1.175301656253908765e-10 6.190045446964058078e-10 1.966398672544508710e-09 6.468364398275025614e-09
8.152594144560337661e-11 7.182792590990723450e-10 1.702442210459943530e-09 5.544887644421752798e-09
6.756373332693228061e-11 7.902684003902823299e-10 1.473140021151144274e-09 4.661011880709725428e-09
7.083578165730401516e-11 7.904598100729835511e-10 1.207191787405759516e-09 3.688467152313537427e-09
7.624337908073053247e-11 7.219005170796204419e-10 9.508134256132057420e-10 2.804689799859106014e-09
7.806277874863035328e-11 6.388557784304381501e-10 7.928516837922029473e-10 2.141360451714188175e-09
8.150392371905492253e-11 5.976299029575020814e-10 7.398122414722571059e-10 1.670635449986887253e-09
8.944200635650123248e-11 6.047357071972022432e-10 7.456086228865077804e-10 1.440444310318266230e-09
9.549865941909432846e-11 6.204791709270341709e-10 8.483140666263151009e-10 1.670766962507482546e-09
9.182829431657557053e-11 6.080056894419458915e-10 1.174630339290990793e-09 2.497908661628211913e-09
7.881300930452554313e-11 5.657434380924389684e-10 1.753066199855109860e-09 3.808034473604335283e-09
6.385776462605027801e-11 5.122241286158287488e-10 2.373569156771823109e-09 5.481603290396287494e-09
5.304692878902704017e-11 4.556391756157353973e-10 2.707216699411889750e-09 7.625171604828612788e-09
4.702505814982897728e-11 3.895776881382266078e-10 2.580349476316206405e-09 1.027197701776284525e-08
4.374209001286493354e-11 3.116077709602753843e-10 2.114046739121863107e-09 1.288329976653829584e-08
4.179645020980689805e-11 2.335033534582801201e-10 1.606974887725213768e-09 1.448073368375513254e-08
4.038649494922472814e-11 1.718867333831898499e-10 1.306600292905241806e-09 1.448293155643824804e-08
3.811350771161064021e-11 1.354940589198208010e-10 1.269933330829908369e-09 1.330334504866390318e-08
3.337780071532982710e-11 1.228226460998281998e-10 1.378041211208806119e-09 1.196940695240227249e-08
2.585577942780098298e-11 1.266347154669524201e-10 1.448068038119718896e-09 1.120863381107791251e-08
1.750604392822918653e-11 1.381107794001687765e-10 1.361436543628773827e-09 1.100540615198317499e-08
1.231825748337624961e-11 1.501848945515693184e-10 1.134580762065492839e-09 1.091914571772435648e-08
1.411499716119495528e-11 1.600647669700724566e-10 8.834931918821776844e-10 1.058068529787807611e-08
2.289438908157867649e-11 1.680691658961648362e-10 7.117570628289261220e-10 9.854038232360590037e-09
3.322208433360612585e-11 1.742463983301558234e-10 6.296064665821474585e-10 8.772153806670134775e-09
3.800693905435864272e-11 1.786949405821919334e-10 5.784081914942847917e-10 7.516771706513126269e-09
3.496456413854321992e-11 1.849202258296153802e-10 5.121950295965923255e-10 6.377582740749689939e-09
2.850879751638229025e-11 1.979144513633694398e-10 4.332801652131593648e-10 5.547280442983150978e-09
2.454245674560645093e-11 2.159915017635281622e-10 3.597900780472888418e-10 4.941768175866602204e-09
2.445919993682571794e-11 2.282974213590553808e-10 2.937875881841745595e-10 4.326555320139412850e-09
2.534244732428428500e-11 2.251789552840002777e-10 2.344080305827509985e-10 3.620032442140130558e-09
2.483804760350134789e-11 2.096740424551175181e-10 1.991482249769619422e-10 2.964765324223370099e-09
2.365489046986696005e-11 1.942824690101485211e-10 2.101048828229500660e-10 2.494350497550258220e-09
2.325217600629023327e-11 1.864974141810385024e-10 2.668595859120440275e-10 2.177031155136336068e-09
2.313322985663938809e-11 1.815517915780602196e-10 3.492931088166517414e-10 1.976380691697974867e-09
2.150608132929836079e-11 1.698114681803246244e-10 4.420127616937135132e-10 2.048369302725465214e-09
1.757351192078072720e-11 1.469178186207507523e-10 5.398960614182897639e-10 2.607976163820835117e-09
1.225230032075214361e-11 1.150330009801809557e-10 6.322148871345734619e-10 3.592858159797386670e-09
7.358259495889763270e-12 7.871535940220115709e-11 7.001855876051694783e-10 4.585301497606675670e-09
4.780053725096329123e-12 4.362764693950437298e-11 7.360270115477686728e-10 5.134873226191471643e-09
5.480134982809115339e-12 1.674649085688322408e-11 7.510446576579186426e-10 5.118869702751140713e-09
8.118116798336389858e-12 2.933565806269761652e-12 7.576377945710932886e-10 4.769958394997898054e-09
9.340229324733619661e-12 1.043658794928967772e-12 7.543974478137888494e-10 4.421867138791848774e-09
6.982247040404736776e-12 6.149598661200651127e-12 7.373401405581265346e-10 4.273450334713711452e-09
2.914178968525767834e-12 1.503223683803598190e-11 7.146854944960425188e-10 4.324441012345471620e-09
1.274893656575955532e-12 2.639325069031658234e-11 6.967990163995113960e-10 4.428215212983708919e-09
3.659397592263116153e-12 3.664457720462686843e-11 6.774920605967695351e-10 4.396350102566148407e-09
7.455590645928584827e-12 4.078117986106385212e-11 6.408831206349306090e-10 4.131481115815330412e-09
9.424999652335965045e-12 3.932746164309884656e-11 5.865796354352241631e-10 3.706536887345361008e-09
9.357179671744239862e-12 3.992750371108595997e-11 5.335010237537836315e-10 3.292547119836540178e-09
9.035615655767860272e-12 4.827333186989069612e-11 4.947714007827315145e-10 2.991773299649349987e-09
8.981449713803422277e-12 6.017589465959830599e-11 4.617558714494317495e-10 2.765030981442693292e-09
8.224284300475567287e-12 6.680196902965977314e-11 4.206317021655484504e-10 2.526451132640656197e-09
6.836361349001732481e-12 6.602892264348049890e-11 3.741650788320200595e-10 2.259757680373370785e-09
6.474571192765384894e-12 6.372745408703294525e-11 3.358128254320985991e-10 2.006117307833353317e-09
7.816709508858568627e-12 6.418579287399014387e-11 3.088416034757377989e-10 1.778235241318382738e-09
9.179545858097378075e-12 6.480974130779565666e-11 2.848774717871306954e-10 1.549370604494920523e-09
8.778802541653380449e-12 6.216053780436854958e-11 2.623084730834550670e-10 1.322935025865411091e-09
7.159769613319097905e-12 5.822147573114923319e-11 2.536227284057918770e-10 1.155925834606975590e-09
6.064809692820707726e-12 5.659351275963365118e-11 2.705451004898582207e-10 1.094151098591355805e-09
5.710501532899913340e-12 5.554718000580553361e-11 3.098691449403310706e-10 1.124023220602968018e-09
4.768903545800204944e-12 4.986487114643349973e-11 3.571180058746816746e-10 1.213250763468662782e-09
2.775110994357894390e-12 3.869846891861625965e-11 3.964303180317140375e-10 1.365186640735962486e-09
9.306698733794013554e-13 2.696043778725907649e-11 4.135519170121682123e-10 1.594222831137346556e-09
2.318246843326780227e-13 1.850409500544556850e-11 3.997146917340736367e-10 1.863428092982113925e-09
2.072216135908740903e-13 1.217969243726146741e-11 3.627164265600643542e-10 2.088583550607554371e-09
1.501912722087945810e-13 6.126780812018575972e-12 3.285544882707445104e-10 2.209744303823005853e-09
3.918889428968523638e-13 2.018094359628327020e-12 3.198205131336744219e-10 2.233849226036484042e-09
1.361120214950298282e-12 2.119132078739442084e-12 3.318345293353443484e-10 2.205002188446206743e-09
2.289149808956227886e-12 4.865346523240866007e-12 3.388730732311345794e-10 2.160544094824946051e-09
2.135430406946540553e-12 6.942507949713975745e-12 3.247479872011616373e-10 2.123412583455273343e-09
1.352216717495812026e-12 8.277585117047169426e-12 2.981028794892777955e-10 2.105494917213596128e-09
1.380721315417695785e-12 1.125760833942761959e-11 2.753506509326822117e-10 2.093181144413433030e-09
2.452903106402757555e-12 1.559693147903594013e-11 2.595151104466253478e-10 2.046251144682789133e-09
3.228293365701887805e-12 1.798607827332969237e-11 2.435944059644736844e-10 1.938283741356731057e-09
2.911522047706520653e-12 1.750252085833580328e-11 2.265145325611378536e-10 1.793554213687808585e-09
2.439398428906230171e-12 1.756816795467624373e-11 2.139077189112380881e-10 1.662467346609030497e-09
2.846803058601825432e-12 2.064553342639886292e-11 2.055539484822669329e-10 1.563272072263638516e-09
3.545994657248083459e-12 2.413743404704029323e-11 1.936693849736142460e-10 1.470229236367709438e-09
3.347114075346022203e-12 2.437527901985938769e-11 1.756709097427024408e-10 1.360094063163621422e-09
2.488023770370908968e-12 2.238342964710729636e-11 1.593397592793230850e-10 1.244596147631003567e-09
2.291802466870561234e-12 2.209829804023438782e-11 1.513260571291205682e-10 1.145892308099650576e-09
3.013446946494899404e-12 2.400029502653797371e-11 1.482425026204931803e-10 1.062270337658154035e-09
3.408799805734094827e-12 2.449821896726582856e-11 1.446902519651054732e-10 9.794587054097813128e-10
2.697672543380941141e-12 2.185173539920758775e-11 1.435217930368091045e-10 9.049275921051238016e-10
1.705639614297498982e-12 1.881737471466807322e-11 1.502968692259532856e-10 8.682763080595286090e-10
1.425493757519474414e-12 1.787748098225590679e-11 1.615745865277569878e-10 8.877743003495999778e-10
1.484476412074781809e-12 1.715937629487413362e-11 1.678320997154267609e-10 9.518121465915382901e-10
1.003330836603067631e-12 1.375915677644605375e-11 1.671789523663125922e-10 1.032495635887521159e-09
2.613255198577192367e-13 8.833829425548868066e-12 1.673247564861666963e-10 1.101851063145062948e-09
3.012868940667924493e-13 6.074624516890524441e-12 1.723706295168514138e-10 1.135166953139904999e-09
1.146861310171483519e-12 6.214928661017227144e-12 1.761158637813446265e-10 1.120325085700403936e-09
1.646427169115929945e-12 6.519032224216794067e-12 1.726670080210021818e-10 1.075373025240576085e-09
1.232001244619947943e-12 5.653296195726999002e-12 1.664453280940757119e-10 1.041604478598383917e-09
7.172812674865692342e-13 5.593233241946383608e-12 1.649707198472852712e-10 1.042987484851431950e-09
9.001352011750580182e-13 7.645801381314547740e-12 1.665669307977800527e-10 1.059256834176549956e-09
1.341718728298955957e-12 9.676825716672345886e-12 1.633611371438376312e-10 1.052359701248661168e-09
1.267923281527019061e-12 9.385552658929016514e-12 1.543806843379700702e-10 1.012813212496227365e-09
9.394561502652932575e-13 8.084377623377123915e-12 1.470582795484580233e-10 9.639328539336657558e-10
1.147405975466806084e-12 8.555458699337258325e-12 1.450415441032814193e-10 9.244786329408474117e-10
1.756140598057365494e-12 1.052580582641491301e-11 1.426987547725657544e-10 8.881108395273914591e-10
1.840902157607916126e-12 1.126154667155225174e-11 1.350075638963789007e-10 8.444007374697559269e-10
1.234686358266739620e-12 1.017276972164232114e-11 1.259380900447894547e-10 8.001267443589659238e-10
8.708825676200260362e-13 9.690430554946711974e-12 1.216002459673247360e-10 7.661715658018570930e-10
1.296030867069171397e-12 1.104949824506550689e-11 1.201324154054811521e-10 7.363908103135847568e-10
1.791636817594231188e-12 1.214876149151583674e-11 1.152729743879011436e-10 6.966181302956560261e-10
1.550543415765598922e-12 1.108186872421180591e-11 1.072247836754517201e-10 6.487490399452481112e-10
9.663778204053090910e-13 9.386843875795918024e-12 1.024680594188446934e-10 6.091237704882686931e-10
9.409435945102554021e-13 9.551944300497542522e-12 1.031718093242093777e-10 5.843088328189189078e-10
1.398019845477999934e-12 1.091455878188202637e-11 1.041966608063459076e-10 5.647856914280295155e-10
1.447225435697854028e-12 1.073250305206598890e-11 1.023641869253222144e-10 5.454368460199036013e-10
8.662725240099397770e-13 8.611347184392086193e-12 1.017722865095661882e-10 5.363743138190411360e-10
4.356772723592598314e-13 7.023113919144628958e-12 1.059052642010918645e-10 5.453288381634826647e-10
6.379851396088411439e-13 7.238997909804946366e-12 1.100986898128030881e-10 5.620315629269526374e-10
9.239324920779300292e-13 7.472726329418069098e-12 1.077908453904487008e-10 5.716901969618683659e-10
