4.001331508046012276e-04
4.039556853005054748e-04
4.078256628232203610e-04
4.117438847145945039e-04
4.157111705301201675e-04
4.197283585324461538e-04
4.237963061889500551e-04
4.279158906698531497e-04
4.320880093537691840e-04
4.363135803523793483e-04
4.405935430657254470e-04
4.449288587741389114e-04
4.493205112748286951e-04
4.537695075790569902e-04
4.582768786861937129e-04
4.628436804435246592e-04
4.674709944963230694e-04
4.721599293353433710e-04
4.769116214505558934e-04
4.817272365912176365e-04
4.866079711189322970e-04
4.915550534394377358e-04
4.965697454996603581e-04
5.016533443342255372e-04
5.068071836339643321e-04
5.120326353044422386e-04
5.173311109905305658e-04
5.227040635478272940e-04
5.281529884403408015e-04
5.336794250457464403e-04
5.392849578655998892e-04
5.449712176583867539e-04
5.507398825290822164e-04
5.565926790170790681e-04
5.625313832387459799e-04
5.685578221646417308e-04
5.746738751252067215e-04
5.808814756405688120e-04
5.871826136678360598e-04
5.935793383622272375e-04
6.000737614456412529e-04
6.066680612587273518e-04
6.133644875368398156e-04
6.201653669213274102e-04
6.270731091863717679e-04
6.340902141210547852e-04
6.412192789539236009e-04
6.484630061571078656e-04
6.558242114404543932e-04
6.633058317222820764e-04
6.709109328468452734e-04
6.786427168067346539e-04
6.865045282474120658e-04
6.944998600747615252e-04
7.026323580433419544e-04
7.109058242763524257e-04
7.193242197708397912e-04
7.278916660756013998e-04
7.366124464711128889e-04
7.454910071010552395e-04
7.545319586061575773e-04
7.637400788903800711e-04
7.731203177048743148e-04
7.826778037460505781e-04
7.924178549339024394e-04
8.023459924764767513e-04
8.124679592252734154e-04
8.227897426473721864e-04
8.333176024774001942e-04
8.440581027829378294e-04
8.550181478390488695e-04
8.662050208868552793e-04
8.776264245702087999e-04
8.892905216120704226e-04
9.012059741323687114e-04
9.133819799122710114e-04
9.258283038831406154e-04
9.385553032040754419e-04
9.515739445644618485e-04
9.648958128628344535e-04
9.785331111501654241e-04
9.924986526085532133e-04
1.006805846289014501e-03
1.021468679274861822e-03
1.036501698812560771e-03
1.051919998687083887e-03
1.067739214693751116e-03
1.083975534442017377e-03
1.100645726870308439e-03
1.117767196661007120e-03
1.135358068126748107e-03
1.153437302067630453e-03
1.172024847591960402e-03
1.191141828997379151e-03
1.210810765605868297e-03
1.231055820059952016e-03
1.251903068196388814e-03
1.273380781390810951e-03
1.295519710359477805e-03
1.318353357971599601e-03
1.341918227838534167e-03
1.366254035473905620e-03
1.391403869789420650e-03
1.417414294713828949e-03
1.444335383909613017e-03
1.472220685976958392e-03
1.501127123079886881e-03
1.531114832260421039e-03
1.562246965245887116e-03
1.594589468609167952e-03
1.628210871035542682e-03
1.663182107740391073e-03
1.699576413658999800e-03
1.737469317056735416e-03
1.776938763778659718e-03
1.818065399141072193e-03
1.860933028663982374e-03
1.905629269612214762e-03
1.952246392445985577e-03
2.000882335689261812e-03
2.051641861334661029e-03
2.104637802958559366e-03
2.159992346765465202e-03
2.217838277075361974e-03
2.278320111590586942e-03
2.341595047629661201e-03
2.407833639359831419e-03
2.477220130592378087e-03
2.549952381217334470e-03
2.626241349835998357e-03
2.706310129800818063e-03
2.790392577013169496e-03
2.878731610269237746e-03
2.971577304035595730e-03
3.069184926688520165e-03
3.171813104030689334e-03
3.279722308661480595e-03
3.393173889824425277e-03
3.512429862835514047e-03
3.637753667556543977e-03
3.769412077140753617e-03
3.907678389196783675e-03
4.052836963010321425e-03
4.205189083510136976e-03
4.365060042194915564e-03
4.532807233801082469e-03
4.708828979754622890e-03
4.893573708421755306e-03
5.087549051152670011e-03
5.291330357705724755e-03
5.505568103316777623e-03
5.730993662113156167e-03
5.968422965707828078e-03
6.218757655330677848e-03
6.482983469398841299e-03
6.762165780322160723e-03
7.057442395541466476e-03
7.370013955707145278e-03
7.701132480504539225e-03
8.052088809079186241e-03
8.424199836675146102e-03
8.818796547978071179e-03
9.237213887712781082e-03
9.680783495566261734e-03
1.015083026898981090e-02
1.064867359450878508e-02
1.117563388156212964e-02
1.173304471655525934e-02
1.232227052419618794e-02
1.294472911322798112e-02
1.360191796508329089e-02
1.429544267438766746e-02
1.502704561616629436e-02
1.579863269157811070e-02
1.661229585342347340e-02
1.747032900871415759e-02
1.837523487018434196e-02
1.932972047837976451e-02
2.033667955776768607e-02
2.139916066829598493e-02
2.252032122392953056e-02
2.370336872089120681e-02
2.495149175433931249e-02
2.626778444823476416e-02
2.765516872479144295e-02
2.911631943824295396e-02
3.065359786361628730e-02
3.226899937977865257e-02
3.396412132437445081e-02
3.574015674419402100e-02
3.759791893288395165e-02
3.953790016102536053e-02
4.156036596064340699e-02
4.366548398202980963e-02
4.585348409500656502e-02
4.812484426415760547e-02
5.048049482086883200e-02
5.292203199202696884e-02
5.545192986101552673e-02
5.807373845032271636e-02
6.079225467135557226e-02
6.361365293074863758e-02
6.654556353168705751e-02
6.959708967317074224e-02
7.277875751799049719e-02
7.610239800052495673e-02
7.958096336533994342e-02
8.322828562919004636e-02
8.705878812907430486e-02
9.108716492137206022e-02
9.532804577669379276e-02
9.979566654580576679e-02
1.045035655042648448e-01
1.094643258437026229e-01
1.146893828086088113e-01
1.201889110589170889e-01
1.259718034747242810e-01
1.320457465597309477e-01
1.384173898764202160e-01
1.450925981764471240e-01
1.520767662446365909e-01
1.593751692142215126e-01
1.669933159507087927e-01
1.749372698859216202e-01
1.832138996903730221e-01
1.918310209336699101e-01
2.007973899536894258e-01
2.101225141901428284e-01
2.198162511584201007e-01
2.298881819252564240e-01
2.403467632990913816e-01
2.511982830175448211e-01
2.624456604484781685e-01
2.740871492235579243e-01
2.861150074339711691e-01
2.985142071115721718e-01
3.112612597809049642e-01
3.243232396593693223e-01
3.376570889279668086e-01
3.512092867128329132e-01
3.649159512846140152e-01
3.787034222277739226e-01
3.924893386198940459e-01
4.061841964581803244e-01
4.196933398490713674e-01
4.329193188515553237e-01
4.457645305145960801e-01
4.581340435550916856e-01
4.699384873866119805e-01
4.810968642634519399e-01
4.915391267995490865e-01
5.012083622243922454e-01
5.100624458252556170e-01
5.180750669467992786e-01
5.252360813247453075e-01
5.315511904123534359e-01
5.370409832746683154e-01
5.417393997708155329e-01
5.456916921908251394e-01
5.489519839990689709e-01
5.515805510075399987e-01
5.536409766492425000e-01
5.551973491872800315e-01
5.563116666613878714e-01
5.570415938406434453e-01
5.574386804155090358e-01
5.575471107069362997e-01
5.574030201074018365e-01
5.570343846806883326e-01
5.564614647949480686e-01
5.556977562117394465e-01
5.547513699018512545e-01
5.536267273990964632e-01
5.523264289308983388e-01
5.508531354395512780e-01
5.492113083297511800e-01
5.474086716171845390e-01
5.454572936380780446e-01
5.433742209312555360e-01
5.411816289461052198e-01
5.389064814746095111e-01
5.365797160274845545e-01
5.342349994749820974e-01
5.319071280275416980e-01
5.296301747260728776e-01
5.274355102426631081e-01
5.253498340322840798e-01
5.233933512698635271e-01
5.215782187524828917e-01
5.199073638871449798e-01
5.183737580512863818e-01
5.169602000940149988e-01
5.156396373939182709e-01
5.143760209053958032e-01
5.131256585492847133e-01
5.118390006781067259e-01
5.104627645641868217e-01
5.089422833512077249e-01
5.072239494012705796e-01
5.052576134406698838e-01
5.029988011579935581e-01
5.004106198971546293e-01
4.974652503214628263e-01
4.941449491382833292e-01
4.904425243504003107e-01
4.863612785868314248e-01
4.819144452235942233e-01
4.771241657231064526e-01
4.720200767717340762e-01
4.666375943697247952e-01
4.610159989696537286e-01
4.551964384125593011e-01
4.492199699381895228e-01
4.431257563175596825e-01
4.369495145102306743e-01
4.307222915199775959e-01
4.244696159954265413e-01
4.182110493824068298e-01
4.119601384651001008e-01
4.057247509715832812e-01
3.995077557457285544e-01
3.933079880967656483e-01
3.871214209944940920e-01
3.809424475426583245e-01
3.747651737542520012e-01
3.685846252995177430e-01
3.623977865282391186e-01
3.562044106652375031e-01
3.500075616743426599e-01
3.438138674093929592e-01
3.376334797195625903e-01
3.314797518905958640e-01
3.253686592709939540e-01
3.193180055431802944e-01
3.133464728474049110e-01
3.074725854974643680e-01
3.017136616281726469e-01
2.960848242332383973e-01
2.905981343984750387e-01
2.852618978494225743e-01
2.800801833964240428e-01
2.750525792214799092e-01
2.701741997897751935e-01
2.654359419009367782e-01
2.608249731968630414e-01
2.563254214906742767e-01
2.519192202873295483e-01
2.475870563550803816e-01
2.433093600319971572e-01
2.390672782567752896e-01
2.348435737786688793e-01
2.306234010855270355e-01
2.263949195911668655e-01
2.221497166382245259e-01
2.178830258095909023e-01
2.135937388083372912e-01
2.092842209297010592e-01
2.049599504812094075e-01
2.006290112896836342e-01
1.963014745810742201e-01
1.919887117278761268e-01
1.877026820843496757e-01
1.834552398242082771e-01
1.792575001610723917e-01
1.751192989523256971e-01
1.710487713762051387e-01
1.670520662565991576e-01
1.631332036199545921e-01
1.592940746647126260e-01
1.555345755132074015e-01
1.518528587426367926e-01
1.482456798259897679e-01
1.447088097971886977e-01
1.412374816161913182e-01
1.378268367581883813e-01
1.344723408586684654e-01
1.311701423444536774e-01
1.279173546906332559e-01
1.247122499011533714e-01
1.215543570856336963e-01
1.184444654222566728e-01
1.153845357700173380e-01
1.123775301948933131e-01
1.094271737154042107e-01
1.065376670558243338e-01
1.037133722191155294e-01
1.009584935851376153e-01
9.827677594877975986e-02
9.567123799788980476e-02
9.314395601259764512e-02
9.069590868529267547e-02
8.832689013394778854e-02
8.603549428909346153e-02
8.381916970011267509e-02
8.167433947104361935e-02
7.959657684404557176e-02
7.758082342182906488e-02
7.562163463168473931e-02
7.371343602693168628e-02
7.185077436243340887e-02
7.002854883226999894e-02
6.824221010704863144e-02
6.648791756999293534e-02
6.476264820724733640e-02
6.306425379662265740e-02
6.139146621997348952e-02
5.974385375379003688e-02
5.812173391854909971e-02
5.652605074112387190e-02
5.495822597733469178e-02
5.341999485938470765e-02
5.191323722720141837e-02
5.043981447976512295e-02
4.900142170844254408e-02
4.759946277293335831e-02
4.623495411815960188e-02
4.490846098743443704e-02
4.362006752240295965e-02
4.236938016501082260e-02
4.115556185370904119e-02
3.997739277620005610e-02
3.883335196531353256e-02
3.772171291142121380e-02
3.664064575593167089e-02
3.558831864289701413e-02
3.456299145904156989e-02
3.356309636870688506e-02
3.258730102214385527e-02
3.163455183581119490e-02
3.070409614385037275e-02
2.979548326084309820e-02
2.890854563267349076e-02
2.804336234518747112e-02
2.720020829127490700e-02
2.637949315070735323e-02
2.558169485848617655e-02
2.480729232320458971e-02
2.405670181732672691e-02
2.333022081334333933e-02
2.262798224103298311e-02
2.194992131185510148e-02
2.129575624006465814e-02
2.066498336906110594e-02
2.005688636021831991e-02
1.947055823514698761e-02
1.890493425131020006e-02
1.835883293621454887e-02
1.783100219530430255e-02
1.732016728305440720e-02
1.682507756690911419e-02
1.634454935846309589e-02
1.587750256129484908e-02
1.542298942862143328e-02
1.498021429899143268e-02
1.454854376607127645e-02
1.412750732544107782e-02
1.371678910530321413e-02
1.331621179543973632e-02
1.292571430076412328e-02
1.254532493020476917e-02
1.217513207256414910e-02
1.181525431147810619e-02
1.146581180899373595e-02
1.112690056555815966e-02
1.079857086782605273e-02
1.048081088757511770e-02
1.017353601715296520e-02
9.876584141090638189e-03
9.589716670663082226e-03
9.312624826647561416e-03
9.044940361059282743e-03
8.786249675820012248e-03
8.536110140189635473e-03
8.294067343589190539e-03
8.059672054342359102e-03
7.832495783239653772e-03
7.612144053022770578e-03
7.398266718257297953e-03
7.190564930862545015e-03
6.988794581587903267e-03
6.792766259653776340e-03
6.602341965547937029e-03
6.417428989764852737e-03
6.237971527758469879e-03
6.063940722413325643e-03
5.895323890726101440e-03
5.732113690197935749e-03
5.574297917081978693e-03
5.421850521010725642e-03
5.274724291051830806e-03
5.132845533766070001e-03
4.996110930938154476e-03
4.864386632118284856e-03
4.737509503116977758e-03
4.615290319797143818e-03
4.497518577682766902e-03
4.383968496286982236e-03
4.274405744380710068e-03
4.168594403038665235e-03
4.066303712967651342e-03
