2.197496463007320849e-02
2.270576732001384698e-02
2.346063973829086088e-02
2.423969214752021498e-02
2.504279314481169458e-02
2.586958562818853641e-02
2.671952035187303079e-02
2.759190641746329595e-02
2.848597690441426189e-02
2.940096669670622456e-02
3.033619850115101477e-02
3.129117217371882309e-02
3.226565186232658450e-02
3.325974520431447534e-02
3.427396892205511469e-02
3.530929564864043746e-02
3.636717766761701776e-02
3.744954442266191369e-02
3.855877208290674207e-02
3.969762506462124613e-02
4.086917113510028787e-02
4.207667348648710948e-02
4.332346488853015126e-02
4.461281061221029215e-02
4.594776812512557651e-02
4.733105241952684922e-02
4.876491606221337871e-02
5.025105252513441256e-02
5.179053006437419476e-02
5.338376151584967033e-02
5.503051313195257005e-02
5.672995325782246440e-02
5.848073938308304826e-02
6.028113988498600556e-02
6.212918449602634896e-02
6.402283515694222327e-02
6.596016665119923406e-02
6.793954468091424614e-02
6.995978830887827904e-02
7.202030422427935230e-02
7.412118198838041350e-02
7.626324186311969622e-02
7.844802954477232693e-02
8.067775487335385187e-02
8.295517447286844537e-02
8.528342160316550180e-02
8.766579045165094619e-02
9.010548644430496634e-02
9.260535826440055573e-02
9.516763030599388606e-02
9.779365561679735641e-02
1.004837088138625656e-01
1.032368362661456179e-01
1.060507775587269386e-01
1.089219683585874038e-01
1.118456305116744542e-01
1.148159504846952422e-01
1.178263420203214257e-01
1.208697831605187734e-01
1.239392119724521124e-01
1.270279600170275969e-01
1.301301985372178838e-01
1.332413700412643232e-01
1.363585776033154617e-01
1.394809056593650232e-01
1.426096490355916735e-01
1.457484311523094545e-01
1.489031976987676420e-01
1.520820785675663089e-01
1.552951183893925557e-01
1.585538843008396093e-01
1.618709680337735435e-01
1.652594073167620026e-01
1.687320582293632409e-01
1.723009549587467826e-01
1.759766958878251075e-01
1.797678946941629885e-01
1.836807319274788020e-01
1.877186364805435992e-01
1.918821180867978093e-01
1.961687624832999521e-01
2.005733912112018513e-01
2.050883787874493713e-01
2.097041111182513795e-01
2.144095601205871782e-01
2.191929404682465277e-01
2.240424059857329953e-01
2.289467371802971496e-01
2.338959695781575865e-01
2.388819158225291839e-01
2.438985422030674755e-01
2.489421704394179369e-01
2.540114860543727371e-01
2.591073446305506289e-01
2.642323773437996737e-01
2.693904089477266450e-01
2.745857157395704684e-01
2.798221670135171424e-01
2.851023082600983027e-01
2.904264543747127059e-01
2.957918639070080125e-01
3.011920606372882614e-01
3.066163583800750048e-01
3.120496317273832032e-01
3.174723617016740884e-01
3.228609716377657257e-01
3.281884541907960640e-01
3.334252738777697678e-01
3.385405106734091785e-01
3.435031903953121857e-01
3.482837300124113633e-01
3.528554139776581278e-01
3.571958132891936977e-01
3.612880620196881054e-01
3.651219143879618212e-01
3.686945164975731770e-01
3.720108392646573892e-01
3.750837333581715227e-01
3.779335848940967302e-01
3.805875732923213461e-01
3.830785591749909513e-01
3.854436572576496745e-01
3.877225726797804972e-01
3.899557958188009654e-01
3.921827590373068717e-01
3.944400596024085215e-01
3.967598475118337409e-01
3.991684661636053510e-01
4.016854181676629554e-01
4.043227086231865330e-01
4.070845950934433022e-01
4.099677492047382743e-01
4.129618110892741001e-01
4.160502956944183706e-01
4.192117893111893534e-01
4.224213556435969519e-01
4.256520547286299361e-01
4.288764678914212536e-01
4.320681207784439204e-01
4.352027056547206341e-01
4.382590218105587021e-01
4.412195749129618760e-01
4.440707982335408976e-01
4.468028791553720902e-01
4.494091947577473767e-01
4.518853837546108476e-01
4.542281102562271133e-01
4.564336054581591418e-01
4.584961003535724666e-01
4.604062787494913045e-01
4.621498807099764239e-01
4.637065725467954813e-01
4.650491757895022227e-01
4.661433211105985852e-01
4.669475689402102225e-01
4.674140171893175766e-01
4.674893949199118159e-01
4.671166147326572538e-01
4.662367245349985367e-01
4.647911645746796716e-01
4.627242056802725600e-01
4.599854275102986390e-01
4.565320952123384513e-01
4.523313067011047739e-01
4.473618032543954515e-01
4.416153555297366862e-01
4.350976524306242599e-01
4.278286350838992891e-01
4.198422397857414223e-01
4.111855472419200797e-01
4.019173789810874253e-01
3.921064265089834189e-01
3.818290330472310368e-01
3.711667637820700305e-01
3.602038983683051865e-01
3.490249657141544226e-01
3.377124244889078142e-01
3.263445786929564107e-01
3.149938057072278474e-01
3.037251602607059509e-01
2.925953976041384408e-01
2.816524322913491196e-01
2.709352190403521154e-01
2.604740150460560510e-01
2.502909637083134409e-01
2.404009296459671263e-01
2.308125123277521284e-01
2.215291672004738033e-01
2.125503659341816676e-01
2.038727305009827295e-01
1.954910805137594632e-01
1.873993416366326048e-01
1.795912761066497942e-01
1.720610136438120719e-01
1.648033795647298461e-01
1.578140333881757063e-01
1.510894431602549937e-01
1.446267275227691718e-01
1.384234003051564577e-01
1.324770529193710633e-01
1.267850093464551742e-01
1.213439871914859525e-01
1.161497954986681347e-01
1.111970950996037100e-01
1.064792402469456473e-01
1.019882120212844967e-01
9.771464574500771105e-02
9.364794743103185826e-02
8.977648860259623831e-02
8.608786460380156436e-02
8.256919856505988420e-02
7.920747138988329383e-02
7.598985754537933290e-02
7.290404713275813742e-02
6.993853659773639764e-02
6.708287325780930288e-02
6.432784227664709031e-02
6.166558860017477134e-02
5.908967057850154220e-02
5.659504640023535482e-02
5.417799876247046675e-02
5.183600691768507768e-02
4.956757789011607268e-02
4.737204996469288054e-02
4.524938159371206386e-02
4.319993799908999205e-02
4.122428640427699270e-02
3.932300929630775516e-02
3.749654344654850674e-02
3.574505050694470193e-02
3.406832276741501159e-02
3.246572519105973137e-02
3.093617239503176214e-02
2.947813714412214278e-02
2.808968541939583716e-02
2.676853228426598341e-02
2.551211248648022414e-02
2.431765981013822575e-02
2.318228946024243620e-02
2.210307816392098265e-02
2.107713725507161240e-02
2.010167485740114307e-02
1.917404442246951196e-02
1.829177822658650462e-02
1.745260579271798798e-02
1.665445836508329391e-02
1.589546137834719000e-02
1.517391730803503702e-02
1.448828145075930010e-02
1.383713318720104259e-02
1.321914521379659660e-02
1.263305310212971787e-02
1.207762731581851073e-02
1.155164944248387136e-02
1.105389389094187276e-02
1.058311572554293187e-02
1.013804475130040267e-02
9.717385498688987933e-03
9.319822415378965774e-03
8.944029342172666111e-03
8.588682203055959460e-03
8.252473753010990121e-03
7.934129198416402934e-03
7.632421541722662732e-03
7.346185611069921094e-03
7.074329911292870886e-03
6.815845657442015822e-03
6.569812601321636109e-03
6.335401512104590557e-03
6.111873404741808083e-03
5.898575809968486031e-03
5.694936536173219807e-03
5.500455479189305004e-03
5.314695089599526939e-03
5.137270112994980764e-03
4.967837186090522453e-03
4.806084811359887660e-03
4.651724153631241719e-03
4.504481009278121090e-03
4.364089195559239624e-03
4.230285498251251317e-03
4.102806206480407933e-03
3.981385163388255662e-03
3.865753178663016657e-03
3.755638589816197564e-03
3.650768724520698626e-03
3.550872003192085107e-03
3.455680423907608271e-03
3.364932185831340933e-03
3.278374230068107492e-03
3.195764508300527780e-03
3.116873830357782139e-03
3.041487191027148363e-03
2.969404529896638428e-03
2.900440929324684270e-03
2.834426298125783308e-03
2.771204618065686073e-03
2.710632846474459682e-03
2.652579574185155980e-03
2.596923537681529622e-03
2.543552080587427495e-03
2.492359652946511944e-03
2.443246426063821856e-03
2.396117085167464352e-03
2.350879842530110946e-03
2.307445692367188304e-03
2.265727908828407862e-03
2.225641772095480423e-03
2.187104495879777823e-03
2.150035322009163918e-03
2.114355743192656342e-03
2.079989812601929725e-03
2.046864498434031697e-03
2.014910043399760747e-03
1.984060293348730020e-03
1.954252965773701969e-03
1.925429837058053066e-03
1.897536836092942074e-03
1.870524040356673877e-03
1.844345577960254364e-03
1.818959445101837749e-03
1.794327252727214014e-03
1.770413919038661991e-03
1.747187325942558623e-03
1.724617957687694242e-03
1.702678538987821609e-03
1.681343688054774688e-03
1.660589597420154221e-03
1.640393752384172732e-03
1.620734693626091436e-03
1.601591827184647900e-03
1.582945281931788127e-03
1.564775811981919439e-03
1.547064739325819871e-03
1.529793930429970261e-03
1.512945799630926926e-03
1.496503331832710988e-03
1.480450117143635629e-03
1.464770390565462788e-03
1.449449070612161307e-03
1.434471791769549110e-03
1.419824926960344940e-03
1.405495597549022077e-03
1.391471669814151870e-03
1.377741738110545592e-03
1.364295096009364048e-03
1.351121697435010835e-03
1.338212110204562572e-03
1.325557464513355075e-03
1.313149398902578938e-03
1.300980006134303544e-03
1.289041781172838973e-03
1.277327573136506763e-03
1.265830542660307438e-03
1.254544125621348625e-03
1.243462003653643443e-03
1.232578081381447387e-03
1.221886469904436695e-03
1.211381475807075253e-03
1.201057594802711157e-03
1.190909509009136251e-03
1.180932086796103713e-03
1.171120384153361135e-03
1.161469646606169042e-03
1.151975310822445000e-03
1.142633005205762140e-03
1.133438548968920302e-03
1.124387949404179318e-03
1.115477397275416909e-03
1.106703260411723332e-03
1.098062075697304454e-03
1.089550539751840989e-03
1.081165498667909734e-03
1.072903937196153850e-03
1.064762967757046071e-03
1.056739819631746704e-03
1.048831828659473791e-03
1.041036427713833059e-03
1.033351138150425189e-03
1.025773562331580829e-03
1.018301377274294156e-03
1.010932329416193085e-03
1.003664230435702019e-03
9.964949540083485602e-04
9.894224333474013668e-04
9.824446593830946355e-04
9.755596794245720250e-04
9.687655961461168587e-04
9.620605667400130342e-04
9.554428021071704287e-04
9.489105659954409112e-04
9.424621740112750379e-04
9.360959924480927435e-04
9.298104369037513400e-04
9.236039706978709874e-04
9.174751031247741894e-04
9.114223875717304083e-04
9.054444195389592777e-04
8.995398346090151265e-04
8.937073064250309522e-04
8.879455447230053195e-04
8.822532934473063283e-04
8.766293289779939065e-04
8.710724585002078231e-04
8.655815185398984439e-04
8.601553736632064221e-04
8.547929153262309862e-04
8.494930608670063065e-04
8.442547526342104999e-04
8.390769572352179718e-04
8.339586648709093998e-04
8.288988887348704235e-04
8.238966644632824245e-04
8.189510496256433838e-04
8.140611232305226125e-04
8.092259852252081708e-04
8.044447559848102048e-04
7.997165757944738529e-04
7.950406043217116006e-04
7.904160200692651001e-04
7.858420198093920032e-04
7.813178180146487621e-04
7.768426462945530585e-04
7.724157528369811603e-04
7.680364018516819659e-04
7.637038730281585711e-04
7.594174610221953239e-04
7.551764749705371657e-04
7.509802380273305350e-04
7.468280869234127485e-04
7.427193715580785501e-04
7.386534546259171299e-04
7.346297112688529411e-04
7.306475287432430497e-04
7.267063061089349980e-04
7.228054539434713294e-04
7.189443940744727132e-04
7.151225593183234289e-04
7.113393932238761637e-04
7.075943498279180189e-04
7.038868934242161488e-04
7.002164983319980954e-04
6.965826486627988822e-04
6.929848380886768043e-04
6.894225696226058929e-04
6.858953554018857148e-04
6.824027164694777435e-04
6.789441825542560103e-04
6.755192918625315063e-04
6.721275908790799421e-04
6.687686341706848558e-04
6.654419841883693794e-04
6.621472110780315468e-04
6.588838925045695715e-04
6.556516134834551590e-04
6.524499662107930559e-04
6.492785498982694839e-04
6.461369706189515946e-04
6.430248411643501574e-04
6.399417809009466532e-04
6.368874156256681485e-04
6.338613774295199241e-04
6.308633045703552177e-04
6.278928413497734994e-04
6.249496379858087911e-04
6.220333504866497115e-04
6.191436405343135824e-04
6.162801753738537600e-04
6.134426276998774944e-04
6.106306755397539372e-04
6.078440021443739421e-04
6.050822958853063326e-04
6.023452501550875153e-04
5.996325632605158194e-04
5.969439383200583239e-04
5.942790831691812520e-04
5.916377102709448159e-04
5.890195366227291961e-04
5.864242836615861853e-04
5.838516771762802511e-04
5.813014472266410252e-04
5.787733280636821057e-04
5.762670580436202476e-04
5.737823795467221792e-04
5.713190389025894116e-04
5.688767863207715766e-04
5.664553758155183505e-04
5.640545651289696934e-04
5.616741156628827711e-04
5.593137924141305993e-04
5.569733639105324541e-04
5.546526021402788153e-04
5.523512824863359427e-04
5.500691836667816886e-04
5.478060876781701369e-04
5.455617797333346111e-04
5.433360481979395123e-04
5.411286845347410522e-04
5.389394832517175032e-04
5.367682418489960923e-04
