2.297811423789330820e-06
1.028931408606278035e-06
-2.013866462672971909e-06
-1.681109621964027624e-06
1.507463813229014933e-06
2.169062280292593642e-06
-8.560555876421398960e-07
-2.474615643374428040e-06
8.491258527151277575e-08
2.527547105480093224e-06
6.978634477217823843e-07
-2.351836737724536144e-06
-1.452367525495714276e-06
1.921264978862554765e-06
2.066075885071976715e-06
-1.309200772164204264e-06
-2.513508909915084605e-06
5.314541117440716401e-07
2.706328885506499332e-06
2.999285326041988003e-07
-2.659363915714401113e-06
-1.146293554817152858e-06
2.328454142954291153e-06
1.882360712963566646e-06
-1.781303248744449765e-06
-2.476610684311821984e-06
1.021035404232535049e-06
2.821615547470122321e-06
-1.619435039991995388e-07
-2.922821108989807245e-06
-7.615448693874451079e-07
2.715605268457716212e-06
1.612241290502902582e-06
-2.260583472526868660e-06
-2.354435609423660216e-06
1.544698739718859061e-06
2.860887939182783336e-06
-6.826957047628365214e-07
-3.127923568047560151e-06
-2.987254532118507209e-07
3.067989595126627348e-06
1.251582804534850373e-06
-2.733452842981638759e-06
-2.138479447770904618e-06
2.091329418800615945e-06
2.811911615752998334e-06
-1.255004855133640184e-06
-3.259948054392832229e-06
2.394002269346219365e-07
3.369722571333721171e-06
7.980510348908557532e-07
-3.184577279155080114e-06
-1.821502587885421552e-06
2.647622887362319168e-06
2.663006689172442119e-06
-1.869161797201973150e-06
-3.303965534776500259e-06
8.477072072121753393e-07
3.603926442767593025e-06
2.513631965330276116e-07
-3.596958805520245938e-06
-1.397811080039178604e-06
3.198068171215559064e-06
2.403318849590235861e-06
-2.512967232367689432e-06
-3.245079927472096134e-06
1.518521257544177880e-06
3.752899693912384232e-06
-3.864707374519647823e-07
-3.952026256047533772e-06
-8.635324849180332226e-07
3.724938471918489508e-06
2.023085397652056998e-06
-3.171635581275119320e-06
-3.068664528457730693e-06
2.241435389284902273e-06
3.798281891457160807e-06
-1.110913993664148229e-06
-4.229722717570078222e-06
-2.168857503570416393e-07
4.208275085553183823e-06
1.513890272406225242e-06
-3.827694680861825506e-06
-2.760586566273690807e-06
3.003120622767143070e-06
3.721199167431408377e-06
-1.914669945090939354e-06
-4.408572467875951279e-06
5.415530259363631497e-07
4.625844879011328740e-06
8.689033892018922784e-07
-4.460861337042937552e-06
-2.307407748162856772e-06
3.787114181042972742e-06
3.502372810050520397e-06
-2.787436016566620974e-06
-4.465701874447331752e-06
1.408584094231824929e-06
4.953043596151302969e-06
8.310142369184058641e-08
-5.047863251479293784e-06
-1.696548926523666900e-06
4.573553786691756135e-06
3.122161608591591113e-06
-3.715629190847320786e-06
-4.376789180325658223e-06
2.378092938321587227e-06
5.162690694955457451e-06
-8.465431600145161696e-07
-5.562173015356227251e-06
-9.164098493850431451e-07
5.338813909923176953e-06
2.560515766343204305e-06
-4.682020829179092711e-06
-4.115850560146442751e-06
3.440777124237171105e-06
5.224746440835039847e-06
-1.920778928024703822e-06
-5.973434893911392736e-06
4.374895084410497353e-08
6.055164526972321322e-06
1.796995665450904816e-06
-5.665020826003310125e-06
-3.654602231090074610e-06
4.584010889883107736e-06
5.105968241884372065e-06
-3.137656713285550094e-06
-6.246565224031404272e-06
1.193951980494018205e-06
6.689953223758851463e-06
8.102581799153032892e-07
-6.638165542886284425e-06
-2.962035151847082398e-06
5.791011388428521940e-06
4.768731011628744637e-06
-4.492185439346960966e-06
-6.339863911716804298e-06
2.545307429933847641e-06
7.207214316659906482e-06
-4.181270778187472190e-07
-7.562428669207071105e-06
-1.994243307125760650e-06
7.051714411298053575e-06
4.183945256301961876e-06
-5.958669428970585272e-06
-6.183150578845527367e-06
4.132502541751462682e-06
7.589339850029847583e-06
-1.880730145270321489e-06
-8.361829025891580816e-06
-6.741612044956951385e-07
8.372424134381840089e-06
3.329112353053388324e-06
-7.502300260160719243e-06
-5.701813165962005376e-06
5.970260972179144634e-06
7.772438403753688201e-06
-3.621652571191077918e-06
-9.002294967372509246e-06
1.036644596727817235e-06
9.723565710450389314e-06
2.180170600870993788e-06
-9.012573336511819401e-06
-4.651233540035162611e-06
8.337748424963596671e-06
8.079644587781115747e-06
-5.113038205516986980e-06
-8.647619451925965778e-06
4.203613575098654441e-06
1.230791056162581083e-05
2.164275098966070571e-06
-8.680523238269313236e-06
-8.485331302780725659e-07
1.365206765906054487e-05
1.113988865309001936e-05
-3.399523377543833915e-06
-4.059680255043557311e-06
1.201140665664041652e-05
1.893716256720537921e-05
5.747921016730375819e-06
-4.150937080996193941e-06
8.029098740470327756e-06
2.418102263360806935e-05
1.950734696159605537e-05
5.279656339374531444e-06
1.093750585029697540e-05
3.432843240758915988e-05
4.481067571034681978e-05
3.579265938056307530e-05
3.785320461930761387e-05
6.824947380696655126e-05
1.014041385034265217e-04
1.119524649926855386e-04
1.188132206906164864e-04
1.544946809546033891e-04
2.101204880506870232e-04
2.502247847231045931e-04
2.737563907325734659e-04
3.163067774289705686e-04
3.863141950323836500e-04
4.433812190119671066e-04
4.600775282630643480e-04
4.662214742841465777e-04
4.995026636087888808e-04
5.435789240477957108e-04
5.591116824015032998e-04
5.569492246221242285e-04
5.881497243423787708e-04
6.650950647959826944e-04
7.487132233672874745e-04
8.277432611326343212e-04
9.559161334534248657e-04
1.179295890456809543e-03
1.475961513411563506e-03
1.817880166654345939e-03
2.257254987636921669e-03
2.885968162227587740e-03
3.721972323353056611e-03
4.703993196210810683e-03
5.804568292365951294e-03
7.082136093303454533e-03
8.603960401392874574e-03
1.038861325834788442e-02
1.245595657794703118e-02
1.484007732046851817e-02
1.745836812387813186e-02
2.002879917933475182e-02
2.226579426836106448e-02
2.420244567987660245e-02
2.624867269531990996e-02
2.892462497873194219e-02
3.264297109031931432e-02
3.778477376070293881e-02
4.483713185685854474e-02
5.432093716740715728e-02
6.669881759243924402e-02
8.261563973103583369e-02
1.033324434889983795e-01
1.307947384059000018e-01
1.670909876358420143e-01
2.136613038249148000e-01
2.707550517644950472e-01
3.374624609134017073e-01
4.126384065180446203e-01
4.966947247385821718e-01
5.928722125608411053e-01
7.054873863649157029e-01
8.343817722436532858e-01
9.692571899651029055e-01
1.090102466472583576e+00
1.176082644104789354e+00
1.217341127251838628e+00
1.220195776667891030e+00
1.201182453749044532e+00
1.174941508907860532e+00
1.145737405304807055e+00
1.108296464981337159e+00
1.055475106360671766e+00
9.857280465416123905e-01
9.051818282108072822e-01
8.241301581203351878e-01
7.514963123308482373e-01
6.912876198847839326e-01
6.428755884680534827e-01
6.039257802857140867e-01
5.731897856237303523e-01
5.513420810973802544e-01
5.403254792619356373e-01
5.425685771813847369e-01
5.601661882040084306e-01
5.930265347155531108e-01
6.363265725421254349e-01
6.798972767545549134e-01
7.117427565434676362e-01
7.241365630964087252e-01
7.175750593952350265e-01
6.991924018405217822e-01
6.769907623057775936e-01
6.546070483298906950e-01
6.303093175537647364e-01
6.001049851122689516e-01
5.619322905513067790e-01
5.178094905660142189e-01
4.728231117465379607e-01
4.321836752180580055e-01
3.987614708475964997e-01
3.728185579069153155e-01
3.536567740201579380e-01
3.413796792979596484e-01
3.372978801547608096e-01
3.430924313473155962e-01
3.598475903795679276e-01
3.876927741892156054e-01
4.260099180021212906e-01
4.739036327367605050e-01
5.305707733537886606e-01
5.949205749483280625e-01
6.640349757263454000e-01
7.314811059728183462e-01
7.877389263197775993e-01
8.238605474607433310e-01
8.362398745102987974e-01
8.284846715213711743e-01
8.084689207414504919e-01
7.829078644690892208e-01
7.538434848065636018e-01
7.193457849948390326e-01
6.770122005181725688e-01
6.270876460999756929e-01
5.731308381401353236e-01
5.203413754143610959e-01
4.730910657137703534e-01
4.333571393149761586e-01
4.008993837918469749e-01
3.746961231658265112e-01
3.542927622193949300e-01
3.401186533775656384e-01
3.330288004595703399e-01
3.338580315460892844e-01
3.430824202056201311e-01
3.600265232667757553e-01
3.817183015014457004e-01
4.027000978901103534e-01
4.168851380328397749e-01
4.206001715096604476e-01
4.144047056762839576e-01
4.020853119921018459e-01
3.876704298006569682e-01
3.728842047688604722e-01
3.567851926024990239e-01
3.374040992409297335e-01
3.138322083680438190e-01
2.872360916163909650e-01
2.602793996052346626e-01
2.355948410943054239e-01
2.145411407266358539e-01
1.971049908399415407e-01
1.827654664982652499e-01
1.713823996458102017e-01
1.633980689580919465e-01
1.594647816827723386e-01
1.600465320770116939e-01
1.652648900680987465e-01
1.748688432694883443e-01
1.882230078744329960e-01
2.043734723783925122e-01
2.221518533856380873e-01
2.401222217293274286e-01
2.564010051677877988e-01
2.687732968132700573e-01
2.754055845500320565e-01
2.757530585816065916e-01
2.708249614067538280e-01
2.624558454225595083e-01
2.521554431816574460e-01
2.404524619689938358e-01
2.271128040662048209e-01
2.118669112312994984e-01
1.950202588840206086e-01
1.775697616353983377e-01
1.608348012025425100e-01
1.458945451861898002e-01
1.332254620143027424e-01
1.227737973526540766e-01
1.143320388114836411e-01
1.078457752883920095e-01
1.034310627522224135e-01
1.012315669836116039e-01
1.013328780664571743e-01
1.037092018789737974e-01
1.080318563017965555e-01
1.134008840939718932e-01
1.183534215090369102e-01
1.213713474467942449e-01
1.216121644391057327e-01
1.192863825012692586e-01
1.153637664935194956e-01
1.108462208299491603e-01
1.061611439520578348e-01
1.010750219796945071e-01
9.510427478190475181e-02
8.805572161321652269e-02
8.028342787356540500e-02
7.250646419411831134e-02
6.538834329976281334e-02
5.923933196622362118e-02
5.403697859727035757e-02
4.965455668239836251e-02
4.605293299912584931e-02
4.331424890330668603e-02
4.157399911667851444e-02
4.094559320841909683e-02
4.146382232176547278e-02
4.304263986745283238e-02
4.546743958576122957e-02
4.843556463016875091e-02
5.160862354605596364e-02
5.463189064960798785e-02
5.713690556754928707e-02
5.878419475699553365e-02
5.935606156631430264e-02
5.883416934879459603e-02
5.739101353128516630e-02
5.529153501095590562e-02
5.276594194889436262e-02
4.992909018423386663e-02
4.679196250816888142e-02
4.335371924431172946e-02
3.970165906117736204e-02
3.603284641221107809e-02
3.257844732194013770e-02
2.950385039752314795e-02
2.687261266713496244e-02
2.468489932564571498e-02
2.292977690854029402e-02
2.160447980759938949e-02
2.071103371922555433e-02
2.025536854033184800e-02
2.024240357077172064e-02
2.064764672423695380e-02
2.137503519189883766e-02
2.223729080939999825e-02
2.298507804667921858e-02
2.338211798087660651e-02
2.329721629055236248e-02
2.276178621847023756e-02
2.194009467609127351e-02
2.101234748003796837e-02
2.005398991267434358e-02
1.901426735000850965e-02
1.780707933176885194e-02
1.641795189271855540e-02
1.492881974907116216e-02
1.346139481527953638e-02
1.211293095266752738e-02
1.093289429327677469e-02
9.929761051811187775e-03
9.086352892831342509e-03
8.383212814527293832e-03
7.824528249355481441e-03
7.441004314569503453e-03
7.260747689739529935e-03
7.280187539777780228e-03
7.467034384878814580e-03
7.781135681914301723e-03
8.178249054151383313e-03
8.597943112596232937e-03
8.968040917745539325e-03
9.231522073423759078e-03
9.362753045846468683e-03
9.355095422402566821e-03
9.206274374314385445e-03
8.926333848173774108e-03
8.548369264723814157e-03
8.112021588937774058e-03
7.634725878784998088e-03
7.111703915770411361e-03
6.546018585961311392e-03
5.965595384261460944e-03
5.405446360309140545e-03
4.885430066637931786e-03
4.414488271093254881e-03
4.005748337270935953e-03
3.672435457065385475e-03
3.412775848685790751e-03
3.214072506987065286e-03
3.073329586833108661e-03
3.001153984821732304e-03
3.001084875432366138e-03
3.056040142445413856e-03
3.140657159482804391e-03
3.235449956591805818e-03
3.319368310155410961e-03
3.360025902856259798e-03
3.330202457866644761e-03
3.234752338254471334e-03
3.106877318076699170e-03
2.973113900302058049e-03
2.831833782006160094e-03
2.669341076457467949e-03
2.484053920347045492e-03
2.285492705790378911e-03
2.079960064342643248e-03
1.871815174844845614e-03
1.674860393601255125e-03
1.507001773032057420e-03
1.371252473917653272e-03
1.254223200682606223e-03
1.147906874030034515e-03
1.062176983844820462e-03
1.009151963530390255e-03
9.852707693163568255e-04
9.790591562993606126e-04
9.892224782076888302e-04
1.021449611249875813e-03
1.069576782983542402e-03
1.114104163721675415e-03
1.142352260452716593e-03
1.158273445835548629e-03
1.167099144842810273e-03
