1.018337327443031258e-02
1.053735219711414775e-02
1.111250789739157488e-02
1.190909695563097288e-02
1.292917036510483030e-02
1.417824307417597969e-02
1.566433630187365200e-02
1.738044373411932672e-02
1.927592969213940549e-02
2.124887847696930662e-02
2.318070174786112519e-02
2.498910201926241026e-02
2.665006027288261900e-02
2.816705139908245656e-02
2.951473556266940787e-02
3.060400826159983406e-02
3.129559923890829626e-02
3.145612573155665698e-02
3.102484071252718800e-02
3.005069211971180335e-02
2.867754085652170562e-02
2.709517119765980642e-02
2.549846608860549882e-02
2.407612970066992999e-02
2.300890329823788646e-02
2.245030219506120514e-02
2.249630700347643106e-02
2.317193257861736508e-02
2.444384385332390094e-02
2.624631106131627978e-02
2.851588521118376268e-02
3.123599881423789679e-02
3.446024293195529969e-02
3.825825651399866745e-02
4.258508714437615750e-02
4.718126594163381954e-02
5.163179458981285302e-02
5.558349355686265786e-02
5.895548631525379668e-02
6.195033140882481859e-02
6.482345829693650363e-02
6.757046229890927014e-02
6.978300365314818454e-02
7.082692045330900299e-02
7.025921219516001459e-02
6.818962654375418375e-02
6.530266841977645786e-02
6.252301060668408184e-02
6.060266401577377865e-02
5.993427221601008853e-02
6.063379738120888013e-02
6.269649946873723234e-02
6.606849352135057973e-02
7.067356432165618207e-02
7.648700823150884898e-02
8.360273984782078116e-02
9.215235071017889579e-02
1.020746266181121048e-01
1.129329204240600848e-01
1.239757290768587900e-01
1.344312429817047516e-01
1.438355407817234755e-01
1.521596744967984860e-01
1.596087800395369904e-01
1.661738783612653758e-01
1.712537355183246790e-01
1.737237378123031306e-01
1.725234809332867880e-01
1.673501731723946173e-01
1.588930357125052650e-01
1.484590550117352303e-01
1.373930116431552606e-01
1.267725293971092293e-01
1.174442803104641803e-01
1.101247973347410508e-01
1.053790775802454088e-01
1.035472350897595345e-01
1.047230546638832638e-01
1.087632242002677246e-01
1.153208410815463325e-01
1.240086869995411650e-01
1.346945600850612268e-01
1.476388842782365152e-01
1.631604362650715401e-01
1.809694377061226156e-01
1.997778244843887996e-01
2.176864604540416914e-01
2.331899078904542122e-01
2.460502062241325394e-01
2.572879212715012409e-01
2.681280334046371450e-01
2.785525793630730940e-01
2.866126690848527780e-01
2.893125661914415780e-01
2.846767151830490450e-01
2.734563482703894488e-01
2.590532413526210331e-01
2.457448739295663709e-01
2.367329198638291332e-01
2.334186571230097706e-01
2.359122942616397878e-01
2.437922091730644336e-01
2.564883151480025214e-01
2.735132924818000633e-01
2.948354827410171186e-01
3.210598096848714111e-01
3.528851274719370656e-01
3.899882632450856756e-01
4.302358688244062312e-01
4.700479117313015598e-01
5.059002789462794247e-01
5.360575436491478163e-01
5.612375657457661093e-01
5.833586303703427456e-01
6.028789304631434476e-01
6.167532471799247462e-01
6.191333674659783570e-01
6.048655226084060921e-01
5.731904533176679362e-01
5.286059573993622251e-01
4.783382512392269637e-01
4.287818570535800733e-01
3.836550038464255352e-01
3.444796982893484905e-01
3.119656119901235147e-01
2.868323841967083121e-01
2.698016653978721480e-01
2.612350806191712227e-01
2.608197518895025158e-01
2.675456586085694921e-01
2.801874311807723839e-01
2.981190813177922450e-01
3.216733537319639846e-01
3.513467355448024465e-01
3.862617725473305175e-01
4.233213212581303231e-01
4.581562388693130039e-01
4.874465449308599818e-01
5.108768139514308082e-01
5.310004448034462143e-01
5.506814296049993285e-01
5.697245094518073039e-01
5.834421913225702472e-01
5.849510149000453074e-01
5.700567809692028698e-01
5.410130278295859352e-01
5.059938295018558962e-01
4.747438439516376008e-01
4.540516118141415536e-01
4.462226700999679108e-01
4.504758591756407582e-01
4.649534590356587116e-01
4.878268752215668136e-01
5.178859593006294171e-01
5.552593959905799403e-01
6.016260720309497545e-01
6.588089909114280829e-01
7.260836731618225404e-01
7.982961378482528181e-01
8.668825066730775353e-01
9.238669624078668097e-01
9.663838546709192512e-01
9.980921271895070168e-01
1.025338925824055725e+00
1.049915102916354481e+00
1.064056413177709937e+00
1.052962416642970300e+00
1.004348374239133701e+00
9.179287202526842382e-01
8.069722342469751730e-01
6.906729774788046283e-01
5.838305047194537467e-01
4.917037362173823922e-01
4.122488144109379693e-01
3.416789482968399794e-01
2.782046290360835616e-01
2.223010762893795622e-01
1.751551649616390482e-01
1.373042894690230942e-01
1.081450418762405080e-01
8.612874720673051321e-02
6.937864657592025808e-02
5.638036493528043869e-02
4.627429770475453147e-02
3.860833426102263516e-02
3.296074486729359126e-02
2.886068799164740947e-02
2.591243354468164908e-02
2.377907913486911398e-02
2.203350747276918570e-02
2.019395116931359604e-02
1.799701622729938874e-02
1.555724845376180165e-02
1.318133658316059283e-02
1.106855682974377739e-02
9.236643059840276074e-03
7.652813204939429639e-03
6.309043020834609501e-03
5.171786256931456410e-03
4.169211066151845210e-03
3.275804327786408475e-03
2.546379038176345422e-03
2.021162810883281487e-03
1.645463797908498825e-03
1.332387470571027438e-03
1.066716622360706912e-03
8.875678990373565185e-04
7.907507612602614287e-04
7.159443219296665606e-04
6.321514829990272340e-04
5.722966144955343422e-04
5.615064954100919921e-04
5.638293745778377806e-04
5.355757632269375363e-04
4.914437096988724142e-04
4.717794942686389542e-04
4.688371493451973931e-04
4.369800140446214844e-04
3.680903198842079430e-04
3.053285082651833603e-04
2.742679042647855770e-04
2.471539304264474862e-04
1.962150828408788415e-04
1.426203926165416677e-04
1.197842582901837056e-04
1.162819307225674501e-04
9.542259171239083173e-05
5.683012434680509287e-05
3.578290988732037246e-05
4.296663360653619020e-05
4.679208546143576809e-05
2.655350931973994892e-05
5.776385377914081617e-06
1.083637702821237934e-05
2.618604170210513072e-05
2.105385372591578395e-05
9.628270049642274044e-07
-2.751171946765379080e-06
1.372687490803368804e-05
2.077326748684399022e-05
5.497744202933426010e-06
-7.282080851522273964e-06
2.430037013891071392e-06
1.648016445547365459e-05
9.922527438596425627e-06
-7.000615811899395903e-06
-6.779423178576339701e-06
8.921621493575031386e-06
1.268944973832821151e-05
-2.191107781521731884e-06
-1.096335860453808457e-05
4.572752259514707521e-07
1.212307129491405811e-05
4.177537523729044731e-06
-9.898878454634244063e-06
-6.572637948443247668e-06
8.099396452336466215e-06
9.202763753998285419e-06
-4.921333019014248182e-06
-1.035803952770983192e-05
1.803282094124980357e-06
1.081780888422485298e-05
1.612717816263355536e-06
-1.005632507674959333e-05
-4.588832279147801213e-06
8.528870273142287814e-06
7.151847990907272754e-06
-6.167768652648396786e-06
-8.895826019106733843e-06
3.347612546405286546e-06
9.756694483787417611e-06
-3.353911216160348642e-07
-9.735801861063799264e-06
-2.695058080682861250e-06
8.697700824077625687e-06
5.249381648594110188e-06
-7.023101893932557573e-06
-7.390960898251942622e-06
4.573932698494627618e-06
8.598595241243073181e-06
-1.951678003833313368e-06
-9.149076388160623386e-06
-9.631662392745881534e-07
8.637240839201375825e-06
3.516191943930094264e-06
-7.514135000890702252e-06
-5.849619633797707080e-06
5.534948377845239550e-06
7.388982289745440159e-06
-3.265551836161648090e-06
-8.363517760096796064e-06
5.801533570997074957e-07
8.356471259622382430e-06
1.923547618457627792e-06
-7.723757772178771580e-06
-4.339562664520109581e-06
6.221868328212585765e-06
6.129305672179847277e-06
-4.322819264661843523e-06
-7.444164170416171072e-06
1.916171009637701611e-06
7.878189870263859349e-06
4.700068440008148435e-07
-7.696286397259270013e-06
-2.891085498259692106e-06
6.655398355255170277e-06
4.847724080379564230e-06
-5.139692218806451215e-06
-6.427575825307300122e-06
3.046212404451513292e-06
7.237516350044306567e-06
-8.342900164957348137e-07
-7.462874008388263700e-06
-1.524794499273142978e-06
6.858981266708377372e-06
3.572197441611050634e-06
-5.729986679112944905e-06
-5.346185755843998714e-06
3.972556550025482163e-06
6.466713612357841875e-06
-1.981085357656120726e-06
-7.052752871434387591e-06
-2.588007820861522959e-07
6.855210716537199667e-06
2.328058290359340487e-06
-6.107483257315424173e-06
-4.229461613199834869e-06
4.699118257664993798e-06
5.596324185945762322e-06
-2.963868007493580286e-06
-6.493628731794308643e-06
8.915791234779050303e-07
6.666662473244910027e-06
1.138195557460839119e-06
-6.286607292491683846e-06
-3.104459508730144262e-06
5.231535047654711985e-06
4.655228976891188769e-06
-3.778430760201885105e-06
-5.812394410769889718e-06
1.913622109683072601e-06
6.316006924895139642e-06
2.285776080877970672e-08
-6.282924267784001475e-06
-1.996076086375262390e-06
5.577290462569847633e-06
3.670716103268897738e-06
-4.423077574857946351e-06
-5.035309970383555417e-06
2.797290766902807581e-06
5.826163956667263251e-06
-1.000383581175861862e-06
-6.113246642930814432e-06
-9.270000350874813482e-07
5.745844348740953554e-06
2.668490047217108891e-06
-4.898695665052225559e-06
-4.187977145232788335e-06
3.535330719474388426e-06
5.220303741314015162e-06
-1.916711868962650048e-06
-5.795618641736061684e-06
8.239129485795692683e-08
5.748640545445523570e-06
1.672566432362477667e-06
-5.208772944143971997e-06
-3.295213528282306516e-06
4.123328416942312860e-06
4.521728824824606692e-06
-2.714150733841130504e-06
-5.349198692717615930e-06
1.014168082695727464e-06
5.599026578443595970e-06
7.051104933584503479e-07
-5.359348587291350369e-06
-2.380854062306853731e-06
4.559727398567819771e-06
3.753676486372885706e-06
-3.383632603446175760e-06
-4.794062252571426477e-06
1.852989876674235683e-06
5.312098209456024853e-06
-2.137525048312837683e-07
-5.358902066679854193e-06
-1.467511051011762843e-06
4.845794959640856948e-06
2.939065240324568266e-06
-3.919037804106345411e-06
-4.150945501572983194e-06
2.586232993343233046e-06
4.904480807746693163e-06
-1.066132569356449603e-06
-5.218184942112028662e-06
-5.763149526431889832e-07
4.985536705110519600e-06
2.100206493096767553e-06
-4.317194379635518633e-06
-3.440945978449694112e-06
3.204089867975657587e-06
4.394059345195821530e-06
-1.836558534336042804e-06
-4.950000448836366233e-06
2.733464630472514451e-07
4.985558943771275168e-06
1.258498785474141343e-06
-4.577832541414295478e-06
-2.685194403657978008e-06
3.699630583438537537e-06
3.799668150660556204e-06
-2.512136554684219968e-06
-4.568937013456926741e-06
1.064076264925314869e-06
4.854880752170258223e-06
4.341193399459494118e-07
-4.703490637318325749e-06
-1.904510659576897577e-06
4.068819843865342406e-06
3.140751138766333215e-06
-3.082673459219365555e-06
-4.091062751018959748e-06
1.780692107493341647e-06
4.604699175067140289e-06
-3.542744310299781784e-07
-4.699371914986821158e-06
-1.119055801840826609e-06
4.310485250339330003e-06
2.437003027117639105e-06
-3.540757512985195963e-06
-3.533588698308037733e-06
2.410416133181485923e-06
4.248112457382676581e-06
-1.089822521338826930e-06
-4.573153321708333077e-06
-3.479909737889178748e-07
4.426234977998953605e-06
1.708001794248297906e-06
-3.881791407446923066e-06
-2.914509114702403797e-06
2.943023559706071886e-06
3.799807346301133968e-06
-1.757709740774135271e-06
-4.334749346547930623e-06
3.908467957829182209e-07
4.420324845961556961e-06
9.728422801732814280e-07
-4.103974409653013944e-06
-2.252227605782438942e-06
3.370944306478264221e-06
3.275717445649307826e-06
-2.345375161557746233e-06
-3.996035359400127763e-06
1.081242950438149464e-06
4.299476539810297765e-06
2.497804141777920802e-07
-4.208232399963645777e-06
-1.565177982005434804e-06
3.689313788047793857e-06
2.692660371340472511e-06
-2.842677305829916164e-06
-3.570536114027151093e-06
1.708870028016253263e-06
4.072650262793413413e-06
-4.441030205277760744e-07
-4.198096290123300442e-06
-8.714488036317032328e-07
3.895970648592875510e-06
2.067961938246640892e-06
-3.242010320938349240e-06
-3.073086128181667320e-06
2.261511760324903374e-06
3.750776418965511631e-06
-1.093210928940959807e-06
-4.079530874704222818e-06
-1.884203441168703432e-07
3.991400820090261131e-06
1.419075913558353395e-06
-3.538367855871072001e-06
-2.519469393962846508e-06
2.729241146638042841e-06
3.346452121067391129e-06
-1.683703406365755963e-06
-3.860717558088426534e-06
4.675776988382610967e-07
3.978628831481825785e-06
7.632079881881763335e-07
-3.729352869250128251e-06
-1.926046436425494038e-06
3.104548269465531171e-06
2.873609228103309981e-06
-2.203729909557543491e-06
-3.551795716770139877e-06
1.081580006101985357e-06
3.863058707465739099e-06
1.169523893192424650e-07
-3.815133079307672373e-06
-1.309377093531991463e-06
3.382414979978397408e-06
2.347161372723893636e-06
-2.643614909265880425e-06
-3.164568516044782087e-06
