2.464647345621649539e-14 8.773311181054340715e-14 5.517992626867453228e-13 1.698590169384224409e-12
2.447047520443121953e-14 8.886730526669718936e-14 5.641669007006768442e-13 1.737339126751341534e-12
2.520101134287785630e-14 9.123123725248316636e-14 5.784912228359837312e-13 1.779494051726538226e-12
2.663207076101692567e-14 9.443042866869029667e-14 5.929330371210902056e-13 1.822444288315056145e-12
2.736609473775635382e-14 9.670367426757994222e-14 6.059335929554279726e-13 1.863794704215650832e-12
2.717439599226030254e-14 9.790494971207607832e-14 6.189294701552112999e-13 1.905549520524594854e-12
2.744212502308969698e-14 9.982658379217713030e-14 6.340184095217363569e-13 1.950890934694488631e-12
2.884868890032307088e-14 1.031930899910075149e-13 6.503859008789919613e-13 1.998789160017030114e-12
3.016647880976154360e-14 1.063686379041664110e-13 6.656018199552592544e-13 2.045645242912983444e-12
3.029766991411973373e-14 1.080806378031181942e-13 6.797590939173384818e-13 2.091436467962447320e-12
3.017430175846521839e-14 1.096332526136041496e-13 6.954387246561668934e-13 2.139960760974348298e-12
3.123829179057012663e-14 1.127709913798423952e-13 7.133829554956859272e-13 2.192504356415483871e-12
3.297676368203500630e-14 1.166913202303369539e-13 7.311547725720733393e-13 2.245569339688741826e-12
3.372376274825218701e-14 1.193229678968997028e-13 7.472235801058208638e-13 2.296755227863030094e-12
3.348563761414338696e-14 1.208478353728977582e-13 7.636635063608718925e-13 2.349003624779505334e-12
3.400301187120531237e-14 1.234873846309771510e-13 7.827510774890502652e-13 2.405815031619547887e-12
3.582346673945974674e-14 1.277613937509222222e-13 8.030681144281094908e-13 2.465296593556377394e-12
3.730631523404829217e-14 1.315214268635369900e-13 8.218101244244336343e-13 2.523255670611346228e-12
3.735987655563576409e-14 1.335460650657243987e-13 8.395859705794531620e-13 2.580395692164881960e-12
3.734989995538131303e-14 1.356920950845809676e-13 8.595376336480867017e-13 2.641381600000955533e-12
3.885055340017302043e-14 1.398278329154611731e-13 8.820532504022219455e-13 2.707034125117885340e-12
4.093832897153621170e-14 1.446139400553490299e-13 9.040025944415509297e-13 2.772817495236821467e-12
4.167831919668955953e-14 1.476795054939994056e-13 9.240093933472315740e-13 2.836502425611315217e-12
4.142039305434486165e-14 1.496726817130262278e-13 9.449271968733367439e-13 2.902186362441399521e-12
4.229619378184189003e-14 1.532778983990172473e-13 9.691266230041943315e-13 2.973578279614610165e-12
4.461944457294974094e-14 1.586766140778742812e-13 9.944118888196821315e-13 3.047663194660338908e-12
4.626643794720479488e-14 1.631297280333415342e-13 1.017638507598677437e-12 3.119691060291263596e-12
4.623604537895532336e-14 1.655820273763317944e-13 1.040126093185052705e-12 3.191378932087945338e-12
4.642821268811803253e-14 1.685619663283279756e-13 1.065606217606739437e-12 3.268318482628105603e-12
4.849340683107642026e-14 1.739798707557335107e-13 1.093920242373290739e-12 3.350588870218549436e-12
5.097434108493405095e-14 1.798089854933509272e-13 1.121154784691480150e-12 3.432470671582436454e-12
5.168621866356244635e-14 1.834163141924092430e-13 1.146262659287692889e-12 3.512153324999888560e-12
5.145767981845625012e-14 1.860864695442307623e-13 1.173029438694537843e-12 3.595128268865287349e-12
5.283508894043354791e-14 1.909827073776605407e-13 1.203788325725056629e-12 3.685136883063970131e-12
5.576434757519638955e-14 1.977753804561183305e-13 1.235366166676774208e-12 3.777742570332088424e-12
5.757085257473552947e-14 2.030628907933228714e-13 1.264354229733922914e-12 3.867732215873510104e-12
5.746268884808585340e-14 2.061145914019583110e-13 1.293019002932228151e-12 3.958187167263020772e-12
5.798352595657206376e-14 2.102573670287428657e-13 1.325681083669151376e-12 4.055647275284989199e-12
6.077117725921208146e-14 2.173189067454681124e-13 1.361390318051785953e-12 4.159097425352059102e-12
6.369120170216078402e-14 2.244124895802564964e-13 1.395374675152785281e-12 4.261506026796491101e-12
6.435610685347377286e-14 2.287186120635423863e-13 1.427151047882399894e-12 4.361816983054921992e-12
6.423905534085474250e-14 2.323641825292949695e-13 1.461595019594155490e-12 4.467166879388420595e-12
6.630526683921369866e-14 2.389789720632465162e-13 1.500810329241614291e-12 4.581067596125649402e-12
6.996043721827380138e-14 2.475029634514138098e-13 1.540422223064388365e-12 4.697322296246295716e-12
7.191927158135894204e-14 2.538148531318683965e-13 1.576890079305287278e-12 4.810429038956686850e-12
7.176085047538146556e-14 2.577207743539535436e-13 1.613708645107748739e-12 4.925254050391597880e-12
7.278775447273480434e-14 2.634752258647178449e-13 1.655743412212215183e-12 5.049248680957793161e-12
7.649271715669153704e-14 2.726429530760093152e-13 1.700947313047448365e-12 5.179861438820965156e-12
7.990064569389353459e-14 2.812841898268348121e-13 1.743641320591087741e-12 5.308654933754154627e-12
8.050780184787522411e-14 2.865206033874451321e-13 1.784215305485500696e-12 5.435771800406908035e-12
8.063173949483616570e-14 2.915661379392723159e-13 1.828789828270463555e-12 5.570247203750808097e-12
8.363056500731170419e-14 3.004628974644519339e-13 1.878969778558584200e-12 5.714991921039707994e-12
8.815165013122648279e-14 3.111468091370821944e-13 1.928933846065725182e-12 5.861675608101902102e-12
9.025602530441073381e-14 3.187462132864227970e-13 1.975217938427222776e-12 6.004789479473800692e-12
9.010935395291600704e-14 3.238825696933195148e-13 2.022874766405621479e-12 6.151480956480431500e-12
9.188832532683299208e-14 3.318612316553188692e-13 2.077208025224904130e-12 6.309991999817402908e-12
9.675152348855849845e-14 3.437321431991642703e-13 2.134698661260217636e-12 6.475689777621907802e-12
1.007012011045634950e-13 3.542925436239902137e-13 2.188757091595779947e-12 6.638696812303812139e-12
1.012576100874864322e-13 3.608032160338476248e-13 2.241045017375441685e-12 6.800931144950789010e-12
1.018198644497662189e-13 3.678511020997889191e-13 2.299067281307684198e-12 6.973566001009356494e-12
1.060685836108553182e-13 3.797762386230847083e-13 2.363562683576150033e-12 7.158400779973476258e-12
1.116208401328808888e-13 3.931739355246303264e-13 2.427004888054417051e-12 7.344572901086466730e-12
1.138703159390633018e-13 4.024348506292453953e-13 2.486315691909376109e-12 7.526991956809154443e-12
1.138515002246965625e-13 4.093553783845373504e-13 2.548485283194445631e-12 7.715662733434207994e-12
1.167214876354678211e-13 4.203963284722438545e-13 2.619061300359122697e-12 7.919378591932777417e-12
1.230424144590651015e-13 4.357497174375596925e-13 2.692598860957593518e-12 8.130763853413936130e-12
1.275973258422894847e-13 4.487300163806343427e-13 2.761663411600936381e-12 8.338559694516969688e-12
1.281434918725332797e-13 4.570288234368052973e-13 2.829696071340379804e-12 8.547196763239866934e-12
1.294382907881923744e-13 4.669338511093639199e-13 2.905691113229248716e-12 8.770188139518162315e-12
1.353506783681709421e-13 4.828838982736965666e-13 2.989031088672708716e-12 9.007537741464864603e-12
1.421327646865805358e-13 4.997255669314340315e-13 3.070224965188487498e-12 9.245442554104998184e-12
1.445442584919483889e-13 5.111912616819731906e-13 3.147022648819396746e-12 9.479844453864691086e-12
1.448528128762415331e-13 5.207103022258311299e-13 3.228780049639991378e-12 9.724262962102912613e-12
1.492797043770938131e-13 5.359660634848572076e-13 3.320973979648679925e-12 9.987640758447634583e-12
1.574341434322786955e-13 5.558337316853712467e-13 3.415692541918266304e-12 1.025906811507155099e-11
1.626764058607637256e-13 5.719275268877594969e-13 3.504824505764947812e-12 1.052610289032612335e-11
1.633115649907629084e-13 5.827858018878885722e-13 3.594228696093808568e-12 1.079661926775043409e-11
1.657719702053643949e-13 5.967643003941743134e-13 3.694433156225273888e-12 1.108660027214268733e-11
1.738905584496257170e-13 6.180836960532504272e-13 3.802820457325482024e-12 1.139335372131468928e-11
1.821478336366425740e-13 6.393539919595987452e-13 3.907693800013069348e-12 1.169974442848806809e-11
1.847750910529099513e-13 6.538282578093778838e-13 4.008247494042507683e-12 1.200360771561502999e-11
1.857381121156415418e-13 6.671453799815774987e-13 4.116675008047746935e-12 1.232271340656185744e-11
1.923631406278849294e-13 6.882132285533472794e-13 4.237903528813112350e-12 1.266553025956005410e-11
2.028292084586338816e-13 7.139849272208511710e-13 4.360918597759862787e-12 1.301668227856748370e-11
2.088762899345679017e-13 7.341789837713971862e-13 4.477249680628368670e-12 1.336294497466128979e-11
2.097988150637015831e-13 7.487605114159674130e-13 4.595967990225816900e-12 1.371680017780260825e-11
2.140581903832045797e-13 7.685529280334748339e-13 4.729080754920346053e-12 1.409671102926408274e-11
2.251007334781026525e-13 7.970797282216720054e-13 4.871135704859319889e-12 1.449612020948553650e-11
2.351474878005442175e-13 8.241397765535694205e-13 5.008038700364590549e-12 1.489422562128418386e-11
2.381147899247421048e-13 8.428311174428211737e-13 5.141272548864794595e-12 1.529194073448879679e-11
2.402543445721616341e-13 8.617210483376191901e-13 5.286372249305332982e-12 1.571208979403019333e-11
2.499645984429925985e-13 8.908381840927490828e-13 5.447014714488483754e-12 1.616174665333782317e-11
2.633624046064330439e-13 9.244237907529287325e-13 5.608349305149410983e-12 1.661998850538769844e-11
2.703974441653265349e-13 9.501584914189186012e-13 5.762077152814276846e-12 1.707350063079055132e-11
2.719698760770058484e-13 9.702307160589783150e-13 5.921463024666376636e-12 1.754081715340653327e-11
2.789537551893467359e-13 9.983487338805685999e-13 6.099785400681090310e-12 1.804270356335961139e-11
2.938821861350213857e-13 1.036637178799659090e-12 6.287685069043338945e-12 1.856723673145556679e-11
3.061395391648286462e-13 1.071419010078552479e-12 6.468576025240077880e-12 1.908973223832825312e-11
3.096996288229946509e-13 1.096171809915488110e-12 6.647372382161441700e-12 1.961579071753893587e-11
3.138372214966423830e-13 1.123279395052016706e-12 6.843465552639966692e-12 2.017414384630455699e-11
3.278710224607263490e-13 1.163622325857421145e-12 7.058282244862878591e-12 2.076915055764006847e-11
3.450252263577629696e-13 1.207707602727446658e-12 7.272306558871541722e-12 2.137311282591048595e-11
3.533514799375974320e-13 1.241138047069528287e-12 7.478246601259903129e-12 2.197373256426744443e-11
3.562063287963248254e-13 1.269408460161471209e-12 7.694763678294657877e-12 2.259737907615300724e-11
3.672728765840254808e-13 1.309519295558995991e-12 7.935968308150546202e-12 2.326665851613349312e-11
3.873990123939232051e-13 1.361188890255182659e-12 8.187228317271722506e-12 2.396237258061932637e-11
4.024607324607759298e-13 1.406512272711561146e-12 8.429541349475312651e-12 2.465595388014148002e-11
4.070946232034331588e-13 1.440184074811306449e-12 8.672789485437778099e-12 2.535985912779112917e-11
4.145164216140194066e-13 1.479492497914669011e-12 8.940710016122310523e-12 2.610959468114544172e-11
4.346254190616961020e-13 1.535648576142429332e-12 9.231075501199018199e-12 2.690495040869788190e-11
4.566674033578670210e-13 1.594109395692194848e-12 9.518794425278851353e-12 2.771009156051787291e-11
4.668060848269526939e-13 1.638538893757674414e-12 9.798851103370840386e-12 2.851543427376344964e-11
4.720207632559231003e-13 1.679202315633509679e-12 1.009676988741692120e-11 2.935737603424034656e-11
4.891812679957649308e-13 1.736742009653082105e-12 1.042671049520491072e-11 3.025948210239166574e-11
5.163345874842304608e-13 1.807041009415813386e-12 1.076703829425458599e-11 3.119286723110325619e-11
5.350836832219580721e-13 1.867142512623195683e-12 1.109669282192117606e-11 3.212544211619009481e-11
5.416744612629971397e-13 1.914233135784318970e-12 1.143258492756124658e-11 3.307943505173697490e-11
5.543990126505210988e-13 1.971826242104474161e-12 1.180320200855215813e-11 3.409795149980041095e-11
5.831056922970124866e-13 2.050558419400479198e-12 1.220071120367907713e-11 3.517364203900715127e-11
6.116464214043704593e-13 2.129151267568692579e-12 1.259348887881146615e-11 3.626108137847369409e-11
6.245141748506030413e-13 2.189768154414046594e-12 1.298068743984436216e-11 3.735594403933458236e-11
6.339064855076743688e-13 2.249419746165975228e-12 1.339647403635751259e-11 3.850735125319603748e-11
6.601821445278486046e-13 2.332600986976010709e-12 1.385376757536496806e-11 3.973833208140437234e-11
6.969862834275998305e-13 2.429345107879600884e-12 1.432175331340603816e-11 4.100728730063804413e-11
7.208062700574234828e-13 2.510786192005114269e-12 1.477812999819348213e-11 4.227955781666233042e-11
7.309471570869670364e-13 2.578514020323206833e-12 1.524960523912186951e-11 4.359107010666028585e-11
7.521718596666334482e-13 2.663854378017313652e-12 1.576963897656729729e-11 4.499321996889850859e-11
7.931937726872193994e-13 2.775382900609621501e-12 1.632209575291941246e-11 4.646798492601689062e-11
8.306272853380795748e-13 2.882933384482297352e-12 1.686789045277248746e-11 4.795889153113342217e-11
8.478638298439629734e-13 2.968098766881866043e-12 1.741313990686959059e-11 4.947064532918159991e-11
8.645049066758781659e-13 3.057303170336264954e-12 1.800280762561132883e-11 5.106841389202890949e-11
9.045249152198745395e-13 3.178828159405155685e-12 1.864653356077616545e-11 5.277230236135863915e-11
9.548726390417788917e-13 3.314020914011076186e-12 1.930159636871152297e-11 5.452422305237093494e-11
9.860411973398196567e-13 3.427297295039398880e-12 1.994601217814562468e-11 5.628885628085296199e-11
1.002595680584223732e-12 3.527498609761602902e-12 2.062002623145100426e-11 5.812115275979904342e-11
1.037467627707771356e-12 3.655645436635704373e-12 2.136195720034873093e-11 6.008121723508359173e-11
1.096445877147491813e-12 3.815878305950083742e-12 2.214364520024142821e-11 6.213551728155667562e-11
1.146503910063483615e-12 3.966402997491640887e-12 2.291778531655626669e-11 6.421524730996308543e-11
1.171092143165080350e-12 4.089977194422996754e-12 2.370159333616357874e-11 6.633973362504683685e-11
1.200226531094323481e-12 4.226061213558547394e-12 2.455343335284716681e-11 6.859431795605421135e-11
1.261271436862213010e-12 4.406146434784237332e-12 2.547651989967481434e-11 7.099249717789666034e-11
1.331177326340294377e-12 4.598888097081027566e-12 2.641283643927069514e-11 7.345502827491104344e-11
1.373622648398443304e-12 4.761385580161932604e-12 2.734347811006962244e-11 7.594939800150057827e-11
1.401774027443075813e-12 4.913985799257474684e-12 2.832734270478490207e-11 7.855690142156945768e-11
1.458773066625693364e-12 5.109593654983652046e-12 2.940691138582262105e-11 8.134628828217476363e-11
1.544580291323961493e-12 5.344169249633651691e-12 3.053685807445108337e-11 8.426190879464412679e-11
1.613388942157944954e-12 5.560815256832395752e-12 3.166134987848722717e-11 8.722186407554919746e-11
1.650865664443739268e-12 5.746518347244324016e-12 3.281486782351018537e-11 9.026845205194581831e-11
1.701627173885685605e-12 5.958740208265432863e-12 3.407233783294542496e-11 9.351239933699887848e-11
1.795534943750317817e-12 6.230691915479804938e-12 3.542574991839005358e-11 9.695502667166364415e-11
1.894746265738641555e-12 6.512639211414391640e-12 3.679763720513594292e-11 1.004902526883514881e-10
1.955564075037147729e-12 6.754300711101036458e-12 3.817693241020926744e-11 1.040944285478859185e-10
2.004873644365493867e-12 6.993947662480143995e-12 3.964831848236296037e-11 1.078854766562873091e-10
2.098431641299831567e-12 7.298840003543060968e-12 4.125677562528853470e-11 1.119399499210639638e-10
2.225671770802922692e-12 7.650859466139953829e-12 4.293269389359407577e-11 1.161710760251003808e-10
2.323897525412683566e-12 7.973636121871713313e-12 4.461241314236775992e-11 1.204843346117244015e-10
2.384858792254177864e-12 8.263693775217937513e-12 4.635705464726793848e-11 1.249577179175983758e-10
2.473682968272058752e-12 8.603406744634785513e-12 4.826201002420376381e-11 1.297341333066878640e-10
2.620593438515347450e-12 9.024597627605816414e-12 5.030077119034397440e-11 1.347944403374730798e-10
2.765882020941836851e-12 9.450945149955154391e-12 5.237146560932321274e-11 1.399990109069407454e-10
2.858583966294705185e-12 9.825892476064363004e-12 5.447903212602272963e-11 1.453435522645552569e-10
2.947265750613101779e-12 1.021548862577801076e-11 5.674417372370080366e-11 1.509975138908644734e-10
3.103026490906544987e-12 1.070397538201493987e-11 5.921112994652162427e-11 1.570432292230790348e-10
3.297105168563795214e-12 1.124978363416631979e-11 6.177612758423064764e-11 1.633505728445467564e-10
3.444527184657689132e-12 1.175165543980596894e-11 6.437051129724567039e-11 1.698155454414076100e-10
3.549991610990170436e-12 1.222483818566031397e-11 6.709669483112257813e-11 1.765717654935134229e-10
3.707641298797892187e-12 1.278643136236253580e-11 7.007549738318866290e-11 1.838036018951442070e-10
3.943588697890364925e-12 1.346084624609571579e-11 7.325084988632017283e-11 1.914591955373887266e-10
4.165603732448052649e-12 1.413317865497918320e-11 7.649089046369243790e-11 1.993579424678128595e-10
4.317120726518443193e-12 1.474417647863074801e-11 7.983082010912221461e-11 2.075333361502631158e-10
4.481147133515348718e-12 1.540324506846011601e-11 8.344275525601546810e-11 2.162290288166991942e-10
4.747019119831749281e-12 1.621412437758155161e-11 8.736454756957311516e-11 2.255296353320075486e-10
5.055021399916447491e-12 1.709669872420574275e-11 9.144461353161131502e-11 2.352453298075549515e-10
5.290799582030922712e-12 1.791836569132942300e-11 9.561659766785834534e-11 2.452714560405020557e-10
5.484271429449009131e-12 1.872926823399007961e-11 1.000479790564659556e-10 2.558296908899671872e-10
5.771213167294418207e-12 1.969564289516752597e-11 1.048918277350372552e-10 2.671596814070078629e-10
6.164902878208997263e-12 2.082335941568376073e-11 1.100461083282826781e-10 2.791596295908994249e-10
6.524482920531017149e-12 2.194148682219294828e-11 1.153445648896492509e-10 2.916025163115963371e-10
6.793352235054266042e-12 2.299754552593930128e-11 1.208795616222434869e-10 3.045947624498253416e-10
7.110340808715816151e-12 2.417053311567994822e-11 1.269002986295330948e-10 3.184924665406494024e-10
7.585381821849292048e-12 2.558593344434900799e-11 1.334297966427550438e-10 3.333787776509086841e-10
8.105691982196499094e-12 2.710067495012566916e-11 1.402509466764868361e-10 3.489843338140408034e-10
8.518456995338642893e-12 2.854459030011441206e-11 1.473181778534724345e-10 3.652272317956894843e-10
8.902062420413033413e-12 3.003308092716420743e-11 1.549070077081578226e-10 3.824760693816040392e-10
9.453849589183284995e-12 3.180420526187059627e-11 1.632154562132065980e-10 4.010515872462259667e-10
1.015657186807617645e-11 3.382419331084202408e-11 1.720720607044803177e-10 4.207797284439172465e-10
1.079375352698132228e-11 3.583875376650887257e-11 1.812759057631812619e-10 4.413877754989226997e-10
1.132115353060172415e-11 3.782253397877855282e-11 1.910266586395282879e-10 4.631203959548500992e-10
1.196990572705654528e-11 4.006821383708421933e-11 2.016935797763689318e-10 4.865105262374355922e-10
1.287020106941420648e-11 4.272090386661986680e-11 2.132693875349897295e-10 5.116331470925140081e-10
1.381503919821837858e-11 4.552862574791233832e-11 2.254441435368869722e-10 5.381100573458937844e-10
1.459955786382804455e-11 4.827428352682095590e-11 2.382285621943099971e-10 5.659266124919782967e-10
1.539407094470356638e-11 5.119207152898514219e-11 2.520795127379133484e-10 5.956981973971654282e-10
1.649145293874445289e-11 5.462737812884475563e-11 2.672601869481397058e-10 6.278703466003301085e-10
1.781172506784594355e-11 5.846710742722040418e-11 2.834948856692040733e-10 6.621683525991050795e-10
1.901888057156198551e-11 6.233051942109831640e-11 3.005591705056374328e-10 6.982913983131496087e-10
2.010538471361882801e-11 6.626031401972280288e-11 3.188490933143120917e-10 7.367373862792954241e-10
2.144969218537122132e-11 7.073278825234768373e-11 3.389115723708775157e-10 7.783050499344718350e-10
2.318673174150133787e-11 7.589361880938752172e-11 3.606635643391053683e-10 8.230278222553862206e-10
2.495055020137521630e-11 8.130605364280721521e-11 3.836726503372000181e-10 8.703964649307163685e-10
2.651026059314748002e-11 8.673652910667776978e-11 4.081447729040485300e-10 9.206497751983399723e-10
2.827301403849446983e-11 9.270747551443812955e-11 4.349651298467054071e-10 9.749916869927237149e-10
3.072352893306013093e-11 9.980578171838925276e-11 4.646209465292350259e-10 1.034245824009350852e-09
3.365239825578684052e-11 1.078349868687356204e-10 4.967868764776841672e-10 1.098151177637982515e-09
3.651883093770975606e-11 1.163082971849047256e-10 5.313714167936318594e-10 1.166594832829610764e-09
3.944346603255647733e-11 1.255564165164921718e-10 5.693217953102052284e-10 1.240795148801613610e-09
4.313950345584138962e-11 1.365245364483785941e-10 6.117333052894730495e-10 1.322342226621521836e-09
4.777939626282816333e-11 1.494434776969720835e-10 6.586761388712742253e-10 1.411596023002313057e-09
5.270797720453753171e-11 1.636215542983694801e-10 7.098307738502078408e-10 1.508257769848979271e-09
5.763927615118933521e-11 1.788966447594122112e-10 7.660338615728446651e-10 1.613367923557209596e-09
6.337063980078859812e-11 1.963681304715119316e-10 8.290769172248550832e-10 1.729330989430768557e-09
7.063595521276031341e-11 2.169936199525358733e-10 8.998944981868491199e-10 1.857685415790084012e-09
7.891006648269914108e-11 2.403023703326839237e-10 9.782220871385361370e-10 1.998374929849304481e-09
8.736640736488351246e-11 2.656070743136883224e-10 1.064610479788130275e-09 2.152102932633990052e-09
9.660351690889947359e-11 2.939045928813339064e-10 1.161537858170298284e-09 2.321994956318721948e-09
1.080587745267450367e-10 3.270626480133205382e-10 1.271418871828669347e-09 2.511404419147295153e-09
1.216606516815748697e-10 3.652178188268305348e-10 1.394476508544081359e-09 2.721061194638810509e-09
1.356123458603944092e-10 4.067233783286359530e-10 1.530149159560702694e-09 2.950418310325533985e-09
1.491733856877224036e-10 4.511914167258867741e-10 1.680104916656272730e-09 3.201477382167790064e-09
1.642250956749571269e-10 5.008289530911752857e-10 1.848082220902670207e-09 3.479092421234659144e-09
1.829238154354171586e-10 5.576703053830134845e-10 2.036951248730046632e-09 3.787423881969186221e-09
2.050574309710256314e-10 6.212282408620448812e-10 2.248170080890656020e-09 4.128690940221722649e-09
2.292476280894265323e-10 6.906634427362595878e-10 2.484431169993820043e-09 4.506076390036726470e-09
2.553588189479848741e-10 7.675343529305141502e-10 2.749735392764888418e-09 4.924395492458162036e-09
2.831801296632914357e-10 8.534000115565339995e-10 3.045001733250161975e-09 5.385533211645148235e-09
3.100893786943763533e-10 9.459488979281186231e-10 3.367190120152811225e-09 5.887279200556128948e-09
3.351345239835764432e-10 1.042654672911163972e-09 3.718270926370251680e-09 6.433415985747775515e-09
3.675377198842629376e-10 1.150538996457923624e-09 4.115840056794630856e-09 7.046216294876109263e-09
4.267960975197738058e-10 1.289128717567649931e-09 4.591502295144028795e-09 7.764764102872883921e-09
5.296775108660930987e-10 1.481793790402402106e-09 5.178352781811099944e-09 8.629675902513391040e-09
6.789674288460271189e-10 1.748706602917614918e-09 5.904241554986186366e-09 9.673929576942767444e-09
8.695513020717885758e-10 2.112874729481966708e-09 6.798616670669747559e-09 1.093041559000911510e-08
1.103629958126146059e-09 2.608208842008063898e-09 7.900124706747766855e-09 1.244184281778053118e-08
1.393459732397901368e-09 3.272022175355108543e-09 9.253327511705436534e-09 1.425781784446862011e-08
1.751311018900834770e-09 4.130721985544677787e-09 1.090599152151314872e-08 1.643056512553930600e-08
2.191593352826571807e-09 5.207979953248739061e-09 1.292469540686177795e-08 1.903030803642721231e-08
2.754533498131199520e-09 6.559217041655023039e-09 1.541929197480333514e-08 2.217113915145719875e-08
3.520031640835788418e-09 8.293710927721186586e-09 1.854427119080183521e-08 2.601058090808019555e-08
4.577214142546232317e-09 1.055090017726920011e-08 2.246444535716069481e-08 3.070690403116698173e-08
5.964263742345601685e-09 1.345003809513213497e-08 2.730854396350017251e-08 3.636251624181783866e-08
7.630056553998195846e-09 1.705820594143749110e-08 3.313899614410069453e-08 4.299145895397730691e-08
9.448066168489796220e-09 2.138936641400376227e-08 3.995042994525949174e-08 5.052883663137079782e-08
1.128190321895256928e-08 2.642563824316463190e-08 4.772139781179882357e-08 5.890084716743247992e-08
1.311467729352857234e-08 3.219072923360439096e-08 5.655732671124903236e-08 6.817543893014337072e-08
1.524638213802344206e-08 3.891412853971393698e-08 6.687813754395860869e-08 7.872306562605685498e-08
1.843355536290456799e-08 4.719233000461853579e-08 7.943096008281331822e-08 9.115944030122696258e-08
2.368856754808007891e-08 5.788735813620204669e-08 9.487228967122239855e-08 1.058542226999542000e-07
3.156664879736304871e-08 7.158980732521571516e-08 1.129773868485492193e-07 1.221544686553930401e-07
4.125867154385479194e-08 8.788738074058249202e-08 1.320304709168603939e-07 1.379487512301479408e-07
5.027779878601805759e-08 1.050368104002825337e-07 1.490964244895570947e-07 1.502168405383047140e-07
5.535653861062760242e-08 1.204536119168901296e-07 1.613262085001465236e-07 1.565100417744627441e-07
5.425656161341177404e-08 1.317610669050441284e-07 1.675494015278752332e-07 1.564081702904167484e-07
4.727848295824985854e-08 1.376386119469414868e-07 1.689881546072001015e-07 1.518038960703318395e-07
3.728021039976792079e-08 1.379372969217367414e-07 1.684796826172950284e-07 1.456996730926463389e-07
2.809114629741094969e-08 1.332485493764247334e-07 1.687126812382433334e-07 1.403751663812067855e-07
2.242817775918338263e-08 1.245270238908242773e-07 1.707119253796733265e-07 1.362391997433913065e-07
2.071257749529325388e-08 1.130615348127659917e-07 1.735505341107002120e-07 1.320570231628786190e-07
2.138388650315430436e-08 1.005057632167036923e-07 1.753145082588645122e-07 1.261719844294803744e-07
2.220812334911739318e-08 8.855767608895976158e-08 1.745040941938106763e-07 1.177378969613334245e-07
2.157973446351266456e-08 7.833622153524413131e-08 1.709187710301736560e-07 1.071918173788773435e-07
1.911314566229533646e-08 6.995235659234396813e-08 1.655875775022181306e-07 9.586236262558860212e-08
1.544531396049121144e-08 6.266744328615923543e-08 1.599857153496670715e-07 8.515780420193868081e-08
1.160900138730659624e-08 5.551654920100802412e-08 1.551561257279314791e-07 7.591371529816095674e-08
8.424618549014142326e-09 4.792131248215650133e-08 1.512780234365592628e-07 6.824170511334813431e-08
6.205276232191576835e-09 3.992779564959930425e-08 1.478461488159519931e-07 6.182945511273759720e-08
4.824586665335570337e-09 3.205257438541236471e-08 1.442278057273084336e-07 5.636671708579857802e-08
3.983481034288957757e-09 2.494174663862631496e-08 1.401754525605953836e-07 5.179485490970832436e-08
3.444565149359150435e-09 1.905380178295123792e-08 1.359556606197547250e-07 4.833422515216934008e-08
3.111086408247670595e-09 1.450194527251165553e-08 1.320254689746789029e-07 4.643890457317427713e-08
2.990871545664121175e-09 1.111131816908170085e-08 1.284889110314804838e-07 4.674742307140508341e-08
3.139252219582707497e-09 8.633030397098695476e-09 1.247400352229871791e-07 4.989378899707230891e-08
3.604728545124246924e-09 6.944339151526904860e-09 1.196211129302416976e-07 5.607175218482718271e-08
4.348929010890833122e-09 6.077092808054681362e-09 1.120858627000129796e-07 6.457859557865751819e-08
5.169043328331394637e-09 6.079982416728036168e-09 1.019490041586960132e-07 7.381088836323647630e-08
5.723338696930500465e-09 6.870794517658103914e-09 9.015756983254351296e-08 8.193605447689701667e-08
5.707316157619340232e-09 8.210833375589775752e-09 7.832878741520504993e-08 8.785702198865074209e-08
5.073346146656845820e-09 9.785611250454281044e-09 6.786155390204025507e-08 9.173578802088814377e-08
4.107422887099585604e-09 1.129202193965156755e-08 5.926160221145794086e-08 9.465714722511676932e-08
3.279708556807676168e-09 1.248603845329125566e-08 5.212043398216015492e-08 9.772080346630886143e-08
2.972412532452903579e-09 1.322222712649195513e-08 4.564982731609323691e-08 1.012780915067324459e-07
3.276912165884742081e-09 1.350173121041804806e-08 3.929248770711736343e-08 1.048242764711445752e-07
3.978805738117654441e-09 1.348127365311587567e-08 3.299516223603342420e-08 1.074905468076686266e-07
4.708455051429486558e-09 1.339765177033779303e-08 2.708356399367832131e-08 1.086808040874617594e-07
5.145096842586288062e-09 1.344157580076100712e-08 2.195625057192841361e-08 1.084195776608263873e-07
5.161036293652494589e-09 1.366957600763826997e-08 1.783871684511836883e-08 1.072699207959091832e-07
4.846090503117630407e-09 1.400687488855137111e-08 1.470457663195143506e-08 1.059662814001313210e-07
4.421441943784785514e-09 1.431791867770203646e-08 1.234224332102983332e-08 1.050327784728632238e-07
4.107569633262479661e-09 1.448781826298880975e-08 1.048593492447715063e-08 1.046075300460830874e-07
4.026430156068678153e-09 1.447834930287975272e-08 8.925885907508715480e-09 1.045228936033932618e-07
4.183296541381699864e-09 1.434918587700043300e-08 7.551702263977984798e-09 1.045129530567931413e-07
4.515014070499390689e-09 1.424314099372669615e-08 6.342549837719241256e-09 1.043748760612865991e-07
4.954863352000677576e-09 1.434017652303361480e-08 5.343831487220365391e-09 1.040337167943615856e-07
5.472756170689755441e-09 1.480191662380302774e-08 4.636973721095835632e-09 1.035923296688393648e-07
6.085378413799798983e-09 1.573967164574632565e-08 4.276794193662417358e-09 1.033991618348366522e-07
6.856503636505445359e-09 1.722412685036586610e-08 4.209158405775805871e-09 1.039853115216772732e-07
7.897738887134463017e-09 1.931875173310915247e-08 4.249484937884712825e-09 1.056968540662000816e-07
9.343920809456079343e-09 2.208933863334376187e-08 4.183432495453156781e-09 1.081451108693979608e-07
1.126186724342156996e-08 2.554996632638673199e-08 3.925915770387707825e-09 1.099572105312235328e-07
1.350278760623643426e-08 2.956142231694202190e-08 3.585297082988512807e-09 1.092595305766254901e-07
1.560643287718634376e-08 3.376551205093951194e-08 3.358051069617629568e-09 1.047512998697035943e-07
1.690225322717462621e-08 3.764400190598649972e-08 3.358187343795867829e-09 9.661511675701943671e-08
1.683634130950293604e-08 4.069781181923860748e-08 3.560308680633904067e-09 8.650938701500582217e-08
1.534151031838749750e-08 4.262419446857529852e-08 3.911976594064348505e-09 7.658608170485452078e-08
1.296362719149156208e-08 4.335967602709813422e-08 4.485504767400850678e-09 6.826173396386357002e-08
1.060339552224622457e-08 4.298696905154226563e-08 5.494711379431591145e-09 6.162755161650009297e-08
9.029277970194689285e-09 4.163722740220768607e-08 7.139680978793932742e-09 5.581273797360149765e-08
8.495885067094637982e-09 3.949554571475273400e-08 9.413671293614240347e-09 4.987387203439018552e-08
8.702689575137676077e-09 3.686224717349279430e-08 1.204663178940726275e-08 4.349785056675187777e-08
9.060813973244872344e-09 3.412975829519198549e-08 1.464495598837578039e-08 3.710234235192041832e-08
9.046280276996436801e-09 3.162722093561031911e-08 1.692691937246873997e-08 3.143008688376220678e-08
8.429685047995079370e-09 2.945220663119533767e-08 1.887923762964779707e-08 2.703689905077351074e-08
7.306449596283870842e-09 2.744626885581808426e-08 2.072510738566215398e-08 2.402669928937007643e-08
5.971358420510612738e-09 2.533695254426935005e-08 2.274140585083053511e-08 2.212881987065358036e-08
4.733380625653598662e-09 2.292412341506598342e-08 2.507110295607890287e-08 2.096712601365975843e-08
3.771006814917642348e-09 2.018207123989176561e-08 2.765928873242861413e-08 2.029001429344614672e-08
3.095069913475484085e-09 1.724857916653435294e-08 3.032496669433222085e-08 2.003196972795947456e-08
2.614896006092026500e-09 1.434690240533561904e-08 3.288011081313444645e-08 2.024422013620258009e-08
2.234946395211281563e-09 1.168801197499649633e-08 3.520295607650451228e-08 2.100571204187563848e-08
1.906032808459921004e-09 9.386572675362572088e-09 3.723567972099119913e-08 2.235967044745408172e-08
1.619451527855709436e-09 7.431807274380709068e-09 3.892936768224113747e-08 2.423524436304712900e-08
1.387124008173219118e-09 5.741382431683929363e-09 4.017592745084144726e-08 2.634531877153441659e-08
1.236386737540693669e-09 4.263610209059910711e-09 4.077562115034474388e-08 2.816337548168981224e-08
1.200656480007466652e-09 3.040759030640610205e-09 4.049033569484822326e-08 2.909418524887010038e-08
1.284160876879847671e-09 2.178728685512984553e-09 3.918450578216351879e-08 2.878707341055254014e-08
1.426682301452827135e-09 1.759335942405772874e-09 3.696350974949884870e-08 2.735892672651697039e-08
1.519518162460098229e-09 1.777815086954647116e-09 3.417967376238216592e-08 2.532212887657420511e-08
1.479335906388067424e-09 2.144991417562659149e-09 3.126681609983263218e-08 2.325503288364589584e-08
1.319944138165368957e-09 2.726776625021657787e-09 2.851832843156070549e-08 2.147115435665763221e-08
1.153916279741285672e-09 3.381517781336883679e-09 2.598023909078864589e-08 1.992601701937635315e-08
1.117569531974735384e-09 3.988942160615570220e-09 2.352490351359682555e-08 1.838614224719631748e-08
1.277813335733943940e-09 4.479589714544342502e-09 2.101641631464050433e-08 1.668842538374022673e-08
1.587987144681281947e-09 4.853261071347319908e-09 1.842972821160608810e-08 1.489224701562879145e-08
1.917042910748744624e-09 5.163198343403591137e-09 1.586189874293525223e-08 1.324517807577532690e-08
2.126777505945982693e-09 5.468018002035085668e-09 1.346873990121325510e-08 1.202492509504535961e-08
2.147003970563693223e-09 5.785278621604950581e-09 1.138810953740868995e-08 1.139037457649137649e-08
2.004377854027382547e-09 6.078246382307733178e-09 9.688292457474084936e-09 1.134497071038892752e-08
1.791223546328937326e-09 6.277441546613312328e-09 8.356896646129813124e-09 1.181664462673127793e-08
1.600742437411456051e-09 6.317363511072338243e-09 7.330161421516156679e-09 1.276685463473667169e-08
1.476561813382662796e-09 6.169438111868433298e-09 6.540763527154023758e-09 1.423338651838925891e-08
1.407660946955715166e-09 5.858326015186384994e-09 5.950114248059705134e-09 1.628812252747679690e-08
1.359099218126181172e-09 5.451940025417153905e-09 5.551911761587373341e-09 1.896820978225168080e-08
1.304157844956464231e-09 5.026845708096384838e-09 5.364277215017564053e-09 2.224402907554803639e-08
1.234891016914066299e-09 4.630759087088531578e-09 5.422547182810344379e-09 2.603900105829575493e-08
1.155506064866109259e-09 4.270008467873688633e-09 5.752469679430197783e-09 3.027848260853839637e-08
1.074637942727052815e-09 3.928230576441966025e-09 6.307033266930002881e-09 3.493125795483913455e-08
1.003158281701347015e-09 3.594407674775906310e-09 6.908769059365838538e-09 3.999168785865141482e-08
9.530664035628743015e-10 3.275106831601107769e-09 7.278444356429954576e-09 4.535733504210435810e-08
9.334282501025842637e-10 2.987622528102549799e-09 7.173718791832423540e-09 5.064514742820894855e-08
9.450447541510879690e-10 2.748705870396005811e-09 6.546873705063774817e-09 5.511867618007735969e-08
9.771617388444750694e-10 2.569929272813973619e-09 5.586677826504992378e-09 5.790051533568462073e-08
1.008289641011837195e-09 2.457861764256075874e-09 4.598507117266068056e-09 5.842364600620426543e-08
1.013113424467151017e-09 2.413611411287550233e-09 3.815102649673542630e-09 5.680490458842116298e-08
9.755799637825053284e-10 2.431379747192685751e-09 3.281752108647220818e-09 5.380878642708438176e-08
9.016104518445058431e-10 2.498133298170545477e-09 2.884716730738728177e-09 5.038686524938432024e-08
8.203324620540168444e-10 2.594572707422006774e-09 2.474377905150589021e-09 4.713859149130589824e-08
7.691755190023650951e-10 2.697664156188583649e-09 1.978613043339402530e-09 4.408904437671780343e-08
7.717355717671227745e-10 2.786663050212630614e-09 1.434239949529635725e-09 4.088755258538499069e-08
8.238200552408751925e-10 2.851404926607080218e-09 9.374312521235901019e-10 3.720113862600598728e-08
8.960724134337484954e-10 2.895633905212756005e-09 5.675414201360260305e-10 3.299414925306720186e-08
9.495693743399748741e-10 2.929637735194594414e-09 3.433643603176988514e-10 2.854856243671865580e-08
9.546320410474815878e-10 2.957055271277643264e-09 2.339075504518024487e-10 2.428589486720417250e-08
9.037815287166742031e-10 2.967672703118213224e-09 2.003329646455655091e-10 2.054796193552800870e-08
8.129180929082481184e-10 2.941872035896527675e-09 2.280379033062710725e-10 1.747174861484849598e-08
7.099220017670555690e-10 2.861131239192806310e-09 3.279436852384565073e-10 1.500873435498918233e-08
6.176916044372879292e-10 2.716272091945025641e-09 5.180644674459945825e-10 1.304146655004414971e-08
5.435452340316577285e-10 2.510978983984828402e-09 8.074730742488885216e-10 1.149487343774137346e-08
4.816515882505226583e-10 2.261508210638617004e-09 1.191459678406831487e-09 1.037078855180113147e-08
4.231342582443201815e-10 1.991343683849294210e-09 1.652623844066408280e-09 9.719986222127234500e-09
3.628688488275681115e-10 1.720288554612957162e-09 2.163241798869525987e-09 9.608975180090736002e-09
2.989664984968638037e-10 1.454577549840064836e-09 2.689953184078159964e-09 1.009517417219512410e-08
2.307384491824117549e-10 1.187987119334090595e-09 3.199856671192598406e-09 1.117288665022692836e-08
1.607647606627981151e-10 9.150044408198508338e-10 3.662868372716335985e-09 1.268787449111327001e-08
9.806338184431029711e-11 6.442313949265685585e-10 4.049806132818878938e-09 1.430326062750592038e-08
5.533451124863784293e-11 3.992477431503206249e-10 4.333824889255839266e-09 1.560172172219787677e-08
3.997494895782459951e-11 2.068472036129033097e-10 4.499870926964164743e-09 1.628771106110650913e-08
4.720046033293470659e-11 8.389589528068496566e-11 4.554047414391510813e-09 1.633587024690983256e-08
6.286154294318130831e-11 3.228347787891833120e-11 4.520541618618855253e-09 1.596075185343247621e-08
7.411570771265884790e-11 4.175800813959812811e-11 4.426202720772611504e-09 1.543655269411225004e-08
7.867115048668205605e-11 9.525776685008466740e-11 4.286483617364554865e-09 1.491502846640930279e-08
8.502871794240403359e-11 1.737437125165703212e-10 4.103927990955280546e-09 1.436785320265934551e-08
1.041158890156183170e-10 2.607160272782090349e-10 3.876531646121294853e-09 1.366350196558647993e-08
1.393327436730731538e-10 3.459927166472524954e-10 3.606172898159564766e-09 1.269575517402990173e-08
1.826728701848599164e-10 4.267505298045302762e-10 3.302221735020082883e-09 1.146996863384546066e-08
2.196291909939617884e-10 5.048920926503628919e-10 2.981413437693824140e-09 1.010181853044829512e-08
2.388255956920080956e-10 5.823549210486816483e-10 2.664734359268656682e-09 8.745656550203387072e-09
2.387755892646603998e-10 6.571090286569663337e-10 2.371100719277104646e-09 7.512257941755942513e-09
2.269232875214761333e-10 7.219911714566819605e-10 2.111184671270608216e-09 6.435084305822468702e-09
2.128782992002004295e-10 7.672718982191330438e-10 1.886954271698670167e-09 5.498573549109176795e-09
2.021375519932368371e-10 7.858684836765269114e-10 1.697188294638757781e-09 4.689655129746577228e-09
1.946793461471613931e-10 7.777153806214843423e-10 1.542592205417966448e-09 4.024408325102089024e-09
1.875285729780287592e-10 7.495427273912515777e-10 1.426081576520618928e-09 3.538881265281185817e-09
1.776585223703775349e-10 7.099057462158725242e-10 1.351357026139506907e-09 3.268424023929310455e-09
1.632348312464590500e-10 6.637413576956192439e-10 1.323860832005762224e-09 3.236996178641466512e-09
1.437955682916175209e-10 6.109702355204518288e-10 1.350743327824684331e-09 3.455042046705760991e-09
1.202971038427154285e-10 5.493346833919802129e-10 1.433391508352409926e-09 3.917925659157978150e-09
9.486797022622542753e-11 4.778915197524349131e-10 1.555309613164741530e-09 4.606147483437023338e-09
6.998152581590930264e-11 3.983060806083939815e-10 1.678690354736881447e-09 5.487899624915541474e-09
4.762923325269097651e-11 3.143144050722347374e-10 1.758861753485780464e-09 6.513883564956363233e-09
2.920406677106320769e-11 2.310468096671525251e-10 1.768680031725376404e-09 7.600550302120672998e-09
1.583204911396247155e-11 1.545842479796198407e-10 1.713577672617664285e-09 8.623091616010684537e-09
8.325165654970293708e-12 9.099034895470107111e-11 1.625019852802721379e-09 9.445677698308598132e-09
6.608967608900977640e-12 4.475572964868050897e-11 1.537962419741497950e-09 9.981237072640046325e-09
9.361480481829315908e-12 1.762947993488436330e-11 1.469400640143728080e-09 1.023293221691003136e-08
1.448346328448840426e-11 8.556843158332208808e-12 1.412076859915531232e-09 1.027736804113375939e-08
2.016773552776410206e-11 1.446936181138517610e-11 1.345144756158972430e-09 1.020228953260493414e-08
2.577860946200215546e-11 3.132341908057791647e-11 1.252138693816396213e-09 1.005090788959753434e-08
3.189300404767785182e-11 5.506287464101688830e-11 1.132960767498146641e-09 9.811534947576150967e-09
3.942052085478543353e-11 8.232473762672472034e-11 1.002385338721479259e-09 9.447819510927378491e-09
4.839504874252793732e-11 1.106869350136386340e-10 8.784419144203442611e-10 8.938512494999534328e-09
5.742995804248867241e-11 1.384969856158858274e-10 7.712924546503572773e-10 8.300637409461084625e-09
6.442324970580743555e-11 1.645960462417456643e-10 6.807601495356650383e-10 7.587121358687926129e-09
6.796650927954161025e-11 1.880873008311656704e-10 6.016983032580753976e-10 6.863795903181672215e-09
6.816767807127272446e-11 2.080150682284523884e-10 5.303727032892808439e-10 6.181074794325291104e-09
6.620210879933407178e-11 2.230527133903566676e-10 4.669190002857146648e-10 5.559716731113690355e-09
6.322872286966488987e-11 2.316928131720263919e-10 4.143313449016127080e-10 4.999221147520838772e-09
5.977692044087012038e-11 2.330747607129824975e-10 3.766461348126526236e-10 4.497204791589630803e-09
5.589385088923791847e-11 2.276789857159450971e-10 3.574022514769643501e-10 4.060541514107788048e-09
5.146304907592892947e-11 2.169971195622741582e-10 3.581643772284977040e-10 3.703192187663680001e-09
4.624132150358215448e-11 2.023822530249438947e-10 3.775612388753204466e-10 3.441588896497342123e-09
3.983876776605343928e-11 1.842500116919616791e-10 4.116739753940967732e-10 3.294490961214107166e-09
3.200381518020923017e-11 1.623825311070416753e-10 4.554120563215183108e-10 3.279134800502809911e-09
2.308606702015876219e-11 1.368953477381716063e-10 5.036117298713893736e-10 3.395469815529317593e-09
1.422608981830945414e-11 1.089490252092752428e-10 5.514517382009828663e-10 3.608830960030039449e-09
7.030532005943730400e-12 8.079433392037711350e-11 5.948681356096199098e-10 3.852358346223441166e-09
2.858379616762373205e-12 5.528018347764229802e-11 6.312012357209154828e-10 4.055139401961359728e-09
2.066369096078280670e-12 3.503748138634409088e-11 6.593460320209571250e-10 4.176285358011956048e-09
3.694908698622952400e-12 2.161597606906283351e-11 6.790710990762313190e-10 4.218492386757034350e-09
5.993465044084715397e-12 1.506122788077737798e-11 6.903150769657395447e-10 4.213072934924673372e-09
7.597760676816101405e-12 1.424374442249024656e-11 6.931814938463047504e-10 4.190967206992331003e-09
8.433337608917347405e-12 1.759667440020219931e-11 6.881669782019609163e-10 4.161040885459510460e-09
9.486569366559472132e-12 2.361300605182599304e-11 6.759077865248847663e-10 4.107844362692668250e-09
1.166711150357056228e-11 3.096806865673649324e-11 6.568086911612512399e-10 4.006902380689276102e-09
1.491507659319042297e-11 3.866890752629340276e-11 6.313688319174056129e-10 3.845010864206588796e-09
1.834250864502859321e-11 4.633819586268460368e-11 6.009168051639587408e-10 3.630634876563840583e-09
2.102805351346683142e-11 5.416065842159015297e-11 5.676114756417664467e-10 3.387682396284625603e-09
2.256842627678552071e-11 6.225728517665319882e-11 5.335076819948559133e-10 3.139759376364955678e-09
2.306519840046903220e-11 7.009207737137307964e-11 4.998497882779716587e-10 2.899085269135536689e-09
2.288579275443899765e-11 7.663835399130357837e-11 4.673944074347422893e-10 2.667428955008116460e-09
2.247423727040775679e-11 8.111209715837315721e-11 4.370507868634249597e-10 2.443948938493816866e-09
2.214328282815375992e-11 8.339830236779073073e-11 4.098328717586468163e-10 2.230712507847131200e-09
2.185451037774850565e-11 8.379963062637383714e-11 3.863963540050963957e-10 2.033041497901448064e-09
2.124783893708969363e-11 8.261196326844533963e-11 3.671400085210031626e-10 1.858078550245102106e-09
1.999184301198465263e-11 8.003066533707718191e-11 3.528492744213883020e-10 1.713920614126944945e-09
1.808257800552499047e-11 7.622859995920969254e-11 3.447872101277960808e-10 1.608132444816587735e-09
1.575713195981857192e-11 7.127590807669152202e-11 3.437125749104965131e-10 1.545145717088037362e-09
1.321638981782752811e-11 6.505562052848871554e-11 3.486939945138628770e-10 1.524850628303313676e-09
1.056992034271349166e-11 5.749852689697684347e-11 3.568801765447812655e-10 1.543735520332786326e-09
8.006397420459714288e-12 4.895254115316008641e-11 3.644405239557737571e-10 1.596292045101413570e-09
5.832907883092092270e-12 4.018432413937456831e-11 3.680841543907129631e-10 1.674247208766107360e-09
4.275075485218824708e-12 3.198136421594931020e-11 3.664481977578991421e-10 1.765201529711265428e-09
3.337955248796928535e-12 2.486376889177443496e-11 3.606389003491063750e-10 1.854219825240508532e-09
2.919490909615108492e-12 1.917394735456466614e-11 3.533147838131192862e-10 1.928559152612601518e-09
2.956453943515281487e-12 1.521004259782322612e-11 3.466202575823410714e-10 1.981720450964795132e-09
3.370110754986718195e-12 1.308528648587708322e-11 3.405594716451720521e-10 2.013680869399488348e-09
3.964095528801896461e-12 1.255011305232580436e-11 3.333145915769830127e-10 2.027939544111528064e-09
4.529726071013994022e-12 1.314174431988510987e-11 3.231346626814280438e-10 2.027952321394123388e-09
5.046534489321467532e-12 1.451014511590680912e-11 3.098399513718475839e-10 2.014715385918883370e-09
5.656506192293600020e-12 1.648364814139545248e-11 2.946567429188119455e-10 1.986329676802011729e-09
6.418898705842857808e-12 1.886111974282428429e-11 2.790494658556406695e-10 1.939981512557461778e-09
7.196804807630723111e-12 2.133862896794429976e-11 2.639454198166187333e-10 1.875290356544319396e-09
7.823319510509273485e-12 2.370443937092440111e-11 2.497265283243856876e-10 1.796140689679147948e-09
8.272221837113521989e-12 2.594969564933454481e-11 2.364149236292708714e-10 1.709032991492214100e-09
8.590213513904077309e-12 2.807272896712976976e-11 2.237712005725536512e-10 1.619612499017309354e-09
8.751905461987194691e-12 2.988041078127435230e-11 2.115698204609080347e-10 1.530912007931752028e-09
8.698757814868639291e-12 3.111842746444402112e-11 2.000187291264182013e-10 1.444406865599678826e-09
8.479147913482359251e-12 3.173391175262042521e-11 1.897978988140676234e-10 1.361654333227134113e-09
8.220519155927766210e-12 3.186049585314864425e-11 1.815684921446661681e-10 1.284513998353725475e-09
7.951267289163034459e-12 3.156574231108592149e-11 1.755486408607255982e-10 1.214685131853481888e-09
7.557936307098715675e-12 3.076856637314289991e-11 1.716233237198722391e-10 1.154092816376095310e-09
6.955181930561704103e-12 2.942938025772807513e-11 1.696337135104187548e-10 1.105628298542991984e-09
6.207465116489343066e-12 2.766883391689703686e-11 1.693156182822674292e-10 1.072501103932939314e-09
5.433073787664575173e-12 2.562333424726677075e-11 1.700763856921216087e-10 1.056075494292412155e-09
4.679036354271710666e-12 2.331442201768955292e-11 1.711583740014342392e-10 1.054104256681320842e-09
3.977410703379427927e-12 2.078771419892578530e-11 1.721031717897394266e-10 1.060955384041218924e-09
3.454147351856560703e-12 1.829993290636358529e-11 1.728714284798465592e-10 1.069613016389399435e-09
3.249242643648327576e-12 1.621163125030369279e-11 1.734591801848037355e-10 1.074277278877973358e-09
3.326403194649191439e-12 1.469957931857614472e-11 1.736143623763104972e-10 1.072452214204690652e-09
3.471678486227677009e-12 1.369257697472460427e-11 1.730568815049076311e-10 1.065403680481823728e-09
3.518578585355335272e-12 1.308508646768635329e-11 1.717845682024493795e-10 1.056264315988673069e-09
3.497509653808044198e-12 1.286936454671186316e-11 1.699487763175525527e-10 1.046839314739381884e-09
3.526551534048753515e-12 1.300998328135383898e-11 1.675295295244267132e-10 1.035840177276227613e-09
3.639075687883066023e-12 1.333164326945084291e-11 1.643686052272817668e-10 1.020206992121511029e-09
3.788719034270628612e-12 1.365523287325529010e-11 1.605020804284982466e-10 9.979762626137554792e-10
3.957171070428766083e-12 1.397890350174725278e-11 1.562260876942495437e-10 9.696847001582675215e-10
4.153252908092396342e-12 1.440681065321354100e-11 1.517760037770991349e-10 9.373807825782170041e-10
4.326358067154619066e-12 1.493366191819976465e-11 1.471390006195059465e-10 9.030090981145967760e-10
4.386299640998984283e-12 1.542015610630129365e-11 1.422876241765676267e-10 8.678538089100646089e-10
4.329418947682853992e-12 1.577476042944627832e-11 1.374230328927747890e-10 8.327564385423548245e-10
4.260399899109098858e-12 1.603225313744215619e-11 1.328184900133230434e-10 7.981521418425628047e-10
4.250068355604539360e-12 1.621789760120170402e-11 1.285325821934463438e-10 7.640559229007809276e-10
4.240674477961681916e-12 1.625254549427237655e-11 1.244735035174080619e-10 7.305921608106473017e-10
4.143715202802675014e-12 1.606994908777677358e-11 1.207028449061219426e-10 6.986404171749667479e-10
3.971387664504111977e-12 1.574064878050624334e-11 1.174737868136937014e-10 6.696392668672760765e-10
3.798008028648291765e-12 1.537560210190400865e-11 1.149459675395259755e-10 6.447052520630647297e-10
3.630262754933612836e-12 1.495548713129855797e-11 1.130363324233701212e-10 6.242228366072888117e-10
3.406511326036468363e-12 1.436768254717143114e-11 1.115987253022793401e-10 6.082653845443498620e-10
3.120913183117835918e-12 1.359834432236035041e-11 1.105647116210354839e-10 5.969153756289974607e-10
2.859620583866550415e-12 1.277558179733999455e-11 1.097900549270623049e-10 5.898727022687528132e-10
2.686501663862850401e-12 1.200486089187636938e-11 1.089265055483720823e-10 5.860652513097265137e-10
2.565575094889462957e-12 1.126909539544524616e-11 1.076585368302133680e-10 5.840512601240190785e-10
