1.859911089437711796e-08
2.032492033361123458e-08
2.220490806675744898e-08
2.425477007999970814e-08
2.649183278956307796e-08
2.893508678652635136e-08
3.160521222553270532e-08
3.452454346332003713e-08
3.771697524385308428e-08
4.120787414496917972e-08
4.502403059382901411e-08
4.919362045128058073e-08
5.374615687056294060e-08
5.871248840764296366e-08
6.412491081378318961e-08
7.001739004991441691e-08
7.642585938645996369e-08
8.338861020562722164e-08
9.094684484151787961e-08
9.914540505102848624e-08
1.080336102039004060e-07
1.176661526516687139e-07
1.281040669500451980e-07
1.394157816490189140e-07
1.516781801776521983e-07
1.649775653812994188e-07
1.794104923276744056e-07
1.950844736734025191e-07
2.121185090526906249e-07
2.306433314992628109e-07
2.508013242771496380e-07
2.727461629425061646e-07
2.966422549847332524e-07
3.226639942022606033e-07
3.509948633475747355e-07
3.818265274445474281e-07
4.153581195510609355e-07
4.517958690098934564e-07
4.913531744494077712e-07
5.342512803266456504e-07
5.807207852160720864e-07
6.310041619678270770e-07
6.853593454107483489e-07
7.440643987291867614e-07
8.074232946893048222e-07
8.757727965521283062e-07
9.494902543331920390e-07
1.029001993669907710e-06
1.114791971130417552e-06
1.207410384099970270e-06
1.307481842382055445e-06
1.415712599208639800e-06
1.532896360454416129e-06
1.659918310557234720e-06
1.797757066571956109e-06
1.947484287392410730e-06
2.110261803219019401e-06
2.287336446765373431e-06
2.480033110332725141e-06
2.689746746926481894e-06
2.917934159096225460e-06
3.166106588005788865e-06
3.435824282783274646e-06
3.728694252424000431e-06
4.046372320682738506e-06
4.390570587782957524e-06
4.763071445316549601e-06
5.165749130692799753e-06
5.600599293272848880e-06
6.069776323329198166e-06
6.575637528633651753e-06
7.120792690756609669e-06
7.708157025917548882e-06
8.341005149230510906e-06
9.023023378454533700e-06
9.758357523439985124e-06
1.055165299966207016e-05
1.140808376508708046e-05
1.233336663391288460e-05
1.333375830236681764e-05
1.441603383046751287e-05
1.558744700140229805e-05
1.685567471178731934e-05
1.822874926784750617e-05
1.971498405111146528e-05
2.132289929067217251e-05
2.306115566777612588e-05
2.493850438763069575e-05
2.696376316019040651e-05
2.914582785181982374e-05
3.149372898865832949e-05
3.401674076912970606e-05
3.672454794456906800e-05
3.962747289873611928e-05
4.273676147186653777e-05
4.606492175627618333e-05
4.962610572409827440e-05
5.343651948912189374e-05
5.751484432844330080e-05
6.188264742479831701e-05
6.656475903575751407e-05
7.158959185723820875e-05
7.698937884294291482e-05
8.280030772523164218e-05
8.906253441161663938e-05
9.582006403492962195e-05
1.031204980443980291e-04
1.110146577740966429e-04
1.195561080490455325e-04
1.288006167495312068e-04
1.388055959097252753e-04
1.496295755574007303e-04
1.613317633931275925e-04
1.739717435194068553e-04
1.876093678098468282e-04
2.023048938793043359e-04
2.181194205291530209e-04
2.351156601106000666e-04
2.533590645246963885e-04
2.729192892479903533e-04
2.938719443600930196e-04
3.163005515164916460e-04
3.402986066367315169e-04
3.659716384581913006e-04
3.934391456569864029e-04
4.228362825823995933e-04
4.543151457186490644e-04
4.880454996975985599e-04
5.242147881166657388e-04
5.630273116111079177e-04
6.047025232938876447e-04
6.494724774040926086e-04
6.975785524486211595e-04
7.492676404085367144e-04
8.047880444155272118e-04
8.643853652820888229e-04
9.282986929638484480e-04
9.967574574455241934e-04
1.069979328321181639e-03
1.148169567345486012e-03
1.231522215130554298e-03
1.320223420624898770e-03
1.414457102035676390e-03
1.514412975876367699e-03
1.620296828777712276e-03
1.732342752101337152e-03
1.850826917367647852e-03
1.976082335080323396e-03
2.108513904127853108e-03
2.248612928497669902e-03
2.396970173432935985e-03
2.554286484395036465e-03
2.721380024966998760e-03
2.899189314933872750e-03
3.088771462319215601e-03
3.291295270790895421e-03
3.508029254790946336e-03
3.740324995629417618e-03
3.989596695113777070e-03
4.257298178220614987e-03
4.544898899667583828e-03
4.853860678255813264e-03
5.185616927188321443e-03
5.541556128878075312e-03
5.923011282304433897e-03
6.331257026094283709e-03
6.767516005389898059e-03
7.232975641945688441e-03
7.728815679903305522e-03
8.256245781044169174e-03
8.816551285661730977e-03
9.411144351642693889e-03
1.004161720887264755e-02
1.070979412387593026e-02
1.141777855595592882e-02
1.216799162280831834e-02
1.296319738781105679e-02
1.380651000936397414e-02
1.470137801775438929e-02
1.565154230445799793e-02
1.666096676306623101e-02
1.773374336971015458e-02
1.887397608849986433e-02
2.008564979177811238e-02
2.137249133911694673e-02
2.273783047209608846e-02
2.418446881941726037e-02
2.571456637567677214e-02
2.732955608981763387e-02
2.903009795036957247e-02
3.081608331806984583e-02
3.268669773417278573e-02
3.464054626401788517e-02
3.667584056748961902e-02
3.879064249332214026e-02
4.098315578148250399e-02
4.325205522659589241e-02
4.559684045836528976e-02
4.801819839044767224e-02
5.051835431157653683e-02
5.310138769857754293e-02
5.577348698075122735e-02
5.854311913740399553e-02
6.142109528767165927e-02
6.442052104964683668e-02
6.755662857227659468e-02
7.084649454098719545e-02
7.430865503347841572e-02
7.796263447471434016e-02
8.182841245185756840e-02
8.592585821539180935e-02
9.027416708522448263e-02
9.489133480844119672e-02
9.979370536463794128e-02
1.049956257598037568e-01
1.105092385398361021e-01
1.163444381483452472e-01
1.225090086875816608e-01
1.290089465173284433e-01
1.358489524630998313e-01
1.430330593035483433e-01
1.505653458270793388e-01
1.584506818823583352e-01
1.666954476690674647e-01
1.753081696310150595e-01
1.843000099439695005e-01
1.936850370926428977e-01
2.034801982290671829e-01
2.137049197264024869e-01
2.243802870017459206e-01
2.355277961456616331e-01
2.471677173724404764e-01
2.593171497687366545e-01
2.719878688128727906e-01
2.851840731256984895e-01
2.989001347600898639e-01
3.131184609426209686e-01
3.278075917342979095e-01
3.429206829575229265e-01
3.583945411593393859e-01
3.741493685118016943e-01
3.900893303941440626e-01
4.061039844561604717e-01
4.220705309751919820e-01
4.378567876744524634e-01
4.533247713278021895e-01
4.683347722483862108e-01
4.827498058979519668e-01
4.964402900405144314e-01
5.092887230520731778e-01
5.211940596922514102e-01
5.320754432772405451e-01
5.418749928008491645e-01
5.505594560030754314e-01
5.581206805827011452e-01
5.645749681790970254e-01
5.699614247845663506e-01
5.743394158349685030e-01
5.777852175109120525e-01
5.803879728696376139e-01
5.822451273759599033e-01
5.834576083641150879e-01
5.841250797806505357e-01
5.843416090518367412e-01
5.841920212934392787e-01
5.837491152695217789e-01
5.830718179827977243e-01
5.822042918536547429e-01
5.811759840459372883e-01
5.800025996781958959e-01
5.786879580619119778e-01
5.772266338379180572e-01
5.756071979038329678e-01
5.738157848329463739e-01
5.718396607889817407e-01
5.696704728826071928e-01
5.673069249112193679e-01
5.647567175122770733e-01
5.620376761531457044e-01
5.591780440379857664e-01
5.562159403165362059e-01
5.531979992634821208e-01
5.501772385315744085e-01
5.472102633520248283e-01
5.443539853772207948e-01
5.416620935821040428e-01
5.391815390270696673e-01
5.369492818120370492e-01
5.349895107712442366e-01
5.333115030642133769e-01
5.319082525131424433e-01
5.307559604198248682e-01
5.298144420619695927e-01
5.290284508795951579e-01
5.283298641376503735e-01
5.276406181280084429e-01
5.268762354716667318e-01
5.259497526156110547e-01
5.247758282329920698e-01
5.232747913617723512e-01
5.213763778021753836e-01
5.190229159228332279e-01
5.161717664240592640e-01
5.127968905025329649e-01
5.088895002097656439e-01
5.044578126286549669e-01
4.995259733790439749e-01
4.941322379792550401e-01
4.883265165337860036e-01
4.821674127752330064e-01
4.757189258924309216e-01
4.690470216998552933e-01
4.622163002825052103e-01
4.552869768731692135e-01
4.483123514152822509e-01
4.413368834511851024e-01
4.343949314464053413e-01
4.275101730827038371e-01
4.206956972888352686e-01
4.139547405316768569e-01
4.072820158385823119e-01
4.006655451795555489e-01
3.940888578122171970e-01
3.875333735808932367e-01
3.809807689965584721e-01
3.744151361877460227e-01
3.678247872953746000e-01
3.612036132372906660e-01
3.545519556549279194e-01
3.478769816572162554e-01
3.411925644044871975e-01
3.345186817309059868e-01
3.278803640211896409e-01
3.213062560992290262e-01
3.148268977566807680e-01
3.084728583993026074e-01
3.022728709128541524e-01
2.962520966640577180e-01
2.904306264212485056e-01
2.848222933713099314e-01
2.794338523319436218e-01
2.742645635555059913e-01
2.693062042740461681e-01
2.645435104478582877e-01
2.599550238034016303e-01
2.555142891776519543e-01
2.511913207057075992e-01
2.469542373339191077e-01
2.427709600579687210e-01
2.386108641220881510e-01
2.344462874243408435e-01
2.302538103723593965e-01
2.260152416145701226e-01
2.217182670058439609e-01
2.173567433190926601e-01
2.129306406463986334e-01
2.084456561904525218e-01
2.039125371427452649e-01
1.993461629188506834e-01
1.947644484377192842e-01
1.901871401460728528e-01
1.856345830775971151e-01
1.811265377302414270e-01
1.766811183936869145e-01
1.723139105467741961e-01
1.680373070632414645e-01
1.638600850257634356e-01
1.597872297636476202e-01
1.558200008921555857e-01
1.519562250906401624e-01
1.481907897595375057e-01
1.445162992803750157e-01
1.409238425430672792e-01
1.374038101949827950e-01
1.339466967894757110e-01
1.305438288778583422e-01
1.271879737743385752e-01
1.238738007349097919e-01
1.205981813380775786e-01
1.173603258009938977e-01
1.141617574009558128e-01
1.110061315240129798e-01
1.078989126364124918e-01
1.048469325858888551e-01
1.018578646702883866e-01
9.893965573761806520e-02
9.609996012346941341e-02
9.334561435783091110e-02
9.068218294621534226e-02
8.811359669865576061e-02
8.564189829220446304e-02
8.326710495746315888e-02
8.098719368085999237e-02
7.879820836514582483e-02
7.669448053529501208e-02
7.466894653293150441e-02
7.271353665419688639e-02
7.081960701723125085e-02
6.897838373650110044e-02
6.718139080081854397e-02
6.542083687824715166e-02
6.368994108650520569e-02
6.198318291944766856e-02
6.029646674950635277e-02
5.862719658075295215e-02
5.697426195356145029e-02
5.533794093622928373e-02
5.371973071860005472e-02
5.212212015506725860e-02
5.054832143113958259e-02
4.900197965689457452e-02
4.748687950807420344e-02
4.600666702270043290e-02
4.456460242605485289e-02
4.316335665939047966e-02
4.180486052169256339e-02
4.049021144429482133e-02
3.921963926937820782e-02
3.799252915901932953e-02
3.680749685977031255e-02
3.566250881758145641e-02
3.455503701420217788e-02
3.348223610279019852e-02
3.244112896847705513e-02
3.142878678814421678e-02
3.044249125768883416e-02
2.947986958019701773e-02
2.853899626400676487e-02
2.761845887101218797e-02
2.671738707122400802e-02
2.583544581102938803e-02
2.497279465267336282e-02
2.413001693641330866e-02
2.330802444593759598e-02
2.250794526292259484e-02
2.173100376918185236e-02
2.097840180731098958e-02
2.025120888424173163e-02
1.955026751286680770e-02
1.887611798019533590e-02
1.822894540166521485e-02
1.760855085283893895e-02
1.701434735697473360e-02
1.644538024479675828e-02
1.590036982482529240e-02
1.537777263149288885e-02
1.487585612962413761e-02
1.439278096837359397e-02
1.392668481209377238e-02
1.347576232063294605e-02
1.303833676171235398e-02
1.261291976355913107e-02
1.219825670363791983e-02
1.179335614951430855e-02
1.139750267046582381e-02
1.101025327548561979e-02
1.063141869747871553e-02
1.026103165483731317e-02
9.899304963197727569e-03
9.546582844260090295e-03
9.203288947951120819e-03
8.869874497497454505e-03
8.546769650839060664e-03
8.234340714334747319e-03
7.932855293624620219e-03
7.642456851629477604e-03
7.363149492047609511e-03
7.094793132432427284e-03
6.837108610161160040e-03
6.589691703793710761e-03
6.352034564873368025e-03
6.123552653127806167e-03
5.903614979257766626e-03
5.691575331966854980e-03
5.486802247116822490e-03
5.288705777845653655e-03
5.096759593705828609e-03
4.910517469643910227e-03
4.729623710280173726e-03
4.553817428910076660e-03
4.382930877254356990e-03
4.216882266740842010e-03
4.055663794398729240e-03
3.899325888203032751e-03
3.747958954844026781e-03
3.601674059600039335e-03
3.460583939051860725e-03
3.324785557523913127e-03
3.194345140763986748e-03
3.069286341751472670e-03
2.949581964622710866e-03
2.835149490117076614e-03
2.725850470259901046e-03
2.621493654115091866e-03
2.521841466011093789e-03
2.426619216168355003e-03
2.335526233392450426e-03
2.248248013589581283e-03
2.164468489986817734e-03
2.083881631882593226e-03
