1.977412283192082204e-02
2.048892625165430262e-02
2.123072749573713322e-02
2.199953842190946821e-02
2.279493101057070842e-02
2.361605571022402927e-02
2.446169037908481336e-02
2.533031934907149785e-02
2.622024018419075869e-02
2.712969361147009317e-02
2.805701007398431548e-02
2.900076462587842380e-02
2.995993065835363123e-02
3.093402234443252616e-02
3.192321577747599115e-02
3.292843955255758681e-02
3.395142695198164612e-02
3.499472385519910439e-02
3.606164887185402818e-02
3.715620485207520030e-02
3.828294373992783411e-02
3.944678963897282203e-02
4.065282793467715067e-02
4.190607131926556844e-02
4.321121639250415786e-02
4.457240673445129336e-02
4.599301935343588776e-02
4.747549065861313144e-02
4.902119544716899979e-02
5.063038830755853953e-02
5.230221230244029573e-02
5.403477580762490462e-02
5.582529535715913260e-02
5.767029979942047552e-02
5.956588795076756676e-02
6.150802745647818148e-02
6.349287704477478422e-02
6.551710935402009495e-02
6.757820906684790241e-02
6.967472242514879954e-02
7.180643883473068756e-02
7.397449119896896963e-02
7.618136663370413120e-02
7.843082239798136734e-02
8.072770424931061117e-02
8.307766819534079250e-02
8.548681346933299785e-02
8.796124429653488785e-02
9.050658835394739810e-02
9.312750758270853246e-02
9.582723987368368945e-02
9.860720781133314183e-02
1.014667247480250112e-01
1.044028213714913861e-01
1.074102093511070388e-01
1.104813928641078247e-01
1.136069327668477180e-01
1.167758604769072589e-01
1.199762285991967936e-01
1.231957736890708505e-01
1.264226552684413196e-01
1.296462266409421915e-01
1.328577888010004371e-01
1.360512789770231268e-01
1.392238489641699772e-01
1.423762938368012820e-01
1.455132979623497136e-01
1.486434726792603966e-01
1.517791695114286687e-01
1.549360650984775989e-01
1.581325287952709824e-01
1.613887996876685327e-01
1.647260147148818243e-01
1.681651422102350690e-01
1.717258846421928220e-01
1.754256200067030869e-01
1.792784521519405483e-01
1.832944350125414734e-01
1.874790237804573600e-01
1.918327888967664985e-01
1.963514099189738737e-01
2.010259497374083382e-01
2.058433971206771185e-01
2.107874553921144922e-01
2.158395429095832097e-01
2.209799536950999843e-01
2.261891053892644554e-01
2.314487833012120743e-01
2.367432821254978337e-01
2.420603555478771929e-01
2.473919055348570983e-01
2.527343683353743820e-01
2.580887734579658810e-01
2.634604617260432602e-01
2.688584543120466352e-01
2.742944767120767957e-01
2.797816675149565890e-01
2.853330401403540439e-01
2.909598057141689065e-01
2.966696926234303477e-01
3.024654033632734329e-01
3.083433322100709306e-01
3.142926372700163284e-01
3.202947300121964380e-01
3.263232229749656876e-01
3.323443621488885724e-01
3.383179573720579980e-01
3.441988025169814835e-01
3.499385423229071646e-01
3.554878980871432059e-01
3.607991215246427186e-01
3.658285183946515806e-01
3.705388788403327638e-01
3.749016673616901718e-01
3.788988507995469379e-01
3.825242651168785923e-01
3.857844356341603720e-01
3.886987759179950652e-01
3.912991096533959823e-01
3.936284970766296132e-01
3.957394022807721456e-01
3.976912983513988253e-01
3.995478580223751908e-01
4.013739075055876016e-01
4.032323295004100472e-01
4.051810950100007136e-01
4.072705900764695963e-01
4.095413854761028594e-01
4.120225722964871440e-01
4.147307514687789132e-01
4.176697227585690619e-01
4.208308752425994337e-01
4.241942435698889402e-01
4.277301632755374228e-01
4.314014286954581112e-01
4.351658226259430551e-01
4.389788489226227330e-01
4.427964688037708818e-01
4.465776339006304885e-01
4.502864323568830374e-01
4.538937120321716034e-01
4.573780981824303038e-01
4.607263625706315979e-01
4.639331206607646418e-01
4.669998451447429644e-01
4.699332089320498729e-01
4.727428237384729282e-01
4.754385171363038065e-01
4.780273676033531260e-01
4.805107635514987430e-01
4.828817495723716768e-01
4.851228745360535721e-01
4.872046851384805866e-01
4.890849448083499640e-01
4.907086208309759390e-01
4.920086705341570332e-01
4.929076499371192743e-01
4.933201394269602913e-01
4.931559169118933661e-01
4.923237192051138633e-01
4.907353479754690273e-01
4.883098328088797957e-01
4.849773787040055906e-01
4.806828862454543549e-01
4.753889030710388708e-01
4.690779073882813677e-01
4.617538252089680717e-01
4.534426642710939759e-01
4.441921511701249492e-01
4.340703162582724706e-01
4.231630813071904362e-01
4.115710298041668769e-01
3.994056284043641103e-01
3.867851888802807392e-01
3.738308186040321668e-01
3.606625402337915176e-01
3.473957085357014529e-01
3.341378337980799862e-01
3.209859270289065480e-01
3.080244841398716016e-01
2.953242004975522583e-01
2.829414493059408398e-01
2.709184839240744713e-01
2.592842608716346420e-01
2.480557456132497784e-01
2.372395599852414882e-01
2.268338465211720556e-01
2.168302437234296276e-01
2.072158753764775374e-01
1.979752551791649495e-01
1.890920041009923058e-01
1.805502840785461471e-01
1.723358754355200362e-01
1.644368647180401433e-01
1.568439539342633415e-01
1.495504383296006601e-01
1.425519192793021916e-01
1.358458217311239169e-01
1.294307791769690741e-01
1.233059423390587689e-01
1.174702655481340702e-01
1.119218258577492076e-01
1.066572290098905390e-01
1.016711487881100384e-01
9.695603145363561326e-02
9.250197841883062155e-02
8.829680310312340574e-02
8.432624536980019847e-02
8.057431931076496079e-02
7.702376558752754843e-02
7.365657620943384665e-02
7.045455711811896005e-02
6.739989310597975514e-02
6.447568133393510870e-02
6.166640395403980013e-02
5.895831604292323808e-02
5.633973110717799271e-02
5.380119253592639122e-02
5.133552608808230472e-02
4.893777634875864924e-02
4.660503865928994349e-02
4.433620576483556647e-02
4.213165342753417975e-02
3.999289046162871064e-02
3.792219653609713026e-02
3.592226734445422981e-02
3.399588316465494003e-02
3.214561429241941104e-02
3.037357494367333433e-02
2.868123489594967893e-02
2.706929452078577283e-02
2.553762399694725974e-02
2.408526233300510230e-02
2.271046763276338490e-02
2.141080767810952384e-02
2.018327944575286359e-02
1.902444696100591068e-02
1.793058800358175026e-02
1.689784096404636088e-02
1.592234353026834165e-02
1.500035531508838067e-02
1.412835764546089244e-02
1.330312586775150852e-02
1.252177247808927869e-02
1.178176246636285923e-02
1.108090465345211786e-02
1.041732401115887975e-02
9.789420048434721577e-03
9.195815839204975889e-03
8.635301753019308107e-03
8.106777743961018565e-03
7.609198054963662271e-03
7.141522047272995388e-03
6.702674261863651901e-03
6.291515732656910963e-03
5.906827257552119299e-03
5.547304152915029027e-03
5.211561214628003709e-03
4.898146206923123525e-03
4.605560052375629737e-03
4.332281826749763594e-03
4.076796583094426628e-03
3.837623966928954949e-03
3.613345622168429635e-03
3.402629587058763911e-03
3.204250236805941676e-03
3.017102786283013330e-03
2.840211850126124048e-03
2.672734016109582812e-03
2.513954793338016910e-03
2.363280633070361479e-03
2.220226969423815585e-03
2.084403373063172232e-03
1.955496948780193443e-03
1.833255053523593974e-03
1.717468297122614696e-03
1.607954647256494693e-03
1.504545312809073493e-03
1.407072926205064564e-03
1.315362375750760626e-03
1.229224448580048439e-03
1.148452244462737706e-03
1.072820135494177230e-03
1.002084903933396541e-03
9.359886068383827234e-04
8.742626907409812307e-04
8.166328960362023454e-04
7.628245263561810258e-04
7.125676956791482906e-04
6.656022016759488916e-04
6.216817175358310037e-04
5.805770600567761565e-04
5.420783848414995791e-04
5.059962706233597524e-04
4.721617624017042359e-04
4.404255238535619140e-04
4.106562902692027371e-04
3.827388173066798341e-04
3.565715045841404466e-04
3.320638551887267545e-04
3.091339221403369727e-04
2.877058871840818661e-04
2.677079050445048923e-04
2.490703190809434695e-04
2.317243128389759896e-04
2.156010152452270622e-04
2.006310364318084137e-04
1.867443838668056378e-04
1.738706952821233390e-04
1.619397209536090911e-04
1.508819868621297288e-04
1.406295686531480597e-04
1.311169049531837015e-04
1.222815806827524693e-04
1.140650188414365080e-04
1.064130326456849283e-04
9.927620677318658852e-05
9.261009413503611999e-05
8.637523059767936455e-05
8.053698269453364600e-05
7.506525206480139142e-05
6.993406575453769080e-05
6.512108452253597215e-05
6.060706228102681641e-05
5.637528873303114470e-05
5.241104437786960095e-05
4.870109293070052915e-05
4.523323129979293651e-05
4.199591164190957945e-05
3.897794388089616160e-05
3.616828103322496763e-05
3.355588441430194568e-05
3.112966150269683683e-05
2.887846590524194821e-05
2.679114666480517332e-05
2.485663335712603336e-05
2.306404382638189339e-05
2.140280236261578382e-05
1.986275718638693156e-05
1.843428741765107382e-05
1.710839155442258223e-05
1.587675181251565278e-05
1.473177120768811388e-05
1.366658285621952236e-05
1.267503350045506650e-05
1.175164529192183732e-05
1.089156084983724273e-05
1.009047658077877771e-05
9.344568808792983564e-06
8.650416976576156861e-06
8.004927992536016963e-06
7.405265413537003496e-06
6.848786516123907553e-06
6.332989561419558191e-06
5.855472684717658515e-06
5.413904750265722313e-06
5.006007398359429916e-06
4.629546818759208864e-06
4.282333624898754111e-06
3.962229230504166177e-06
3.667157002947604452e-06
3.395116310224545032e-06
3.144197640482047105e-06
2.912597231161075685e-06
2.698629853975782870e-06
2.500738578898547812e-06
2.317500717092450893e-06
2.147629719138309371e-06
1.989973264756403392e-06
1.843507927132161564e-06
1.707330839713006820e-06
1.580648972526649656e-06
1.462766823560601588e-06
1.353073310423574676e-06
1.251028463695536005e-06
1.156150451495620558e-06
1.068003529916236357e-06
9.861874549401059805e-07
9.103286217394358872e-07
8.400729483306966224e-07
7.750804945191707080e-07
7.150218395043719692e-07
6.595761007000353771e-07
6.084302674459408951e-07
5.612794923274086918e-07
5.178281284851484016e-07
4.777913370921654679e-07
4.408969698213301037e-07
4.068873753796893143e-07
3.755209329036363040e-07
3.465732751468468537e-07
3.198381359153023685e-07
2.951276669020938212e-07
2.722721545786487255e-07
2.511192640406872458e-07
2.315329820734445066e-07
2.133922988714521445e-07
1.965896172353157343e-07
1.810289971109885419e-07
1.666244334519017448e-07
1.532982607873637286e-07
1.409796437150366113e-07
1.296031598637032640e-07
1.191076035516069923e-07
1.094351117159839859e-07
1.005305441364025088e-07
9.234100421298016863e-08
8.481550799627416537e-08
7.790487753139256381e-08
7.156182559716609228e-08
6.574108699429269610e-08
6.039953137239015149e-08
5.549632120120621388e-08
5.099314910190402249e-08
4.685444852395663573e-08
4.304747427355584869e-08
3.954229041501096990e-08
3.631176360381211008e-08
3.333154652396986077e-08
3.057995076535675354e-08
2.803770393585659135e-08
2.568770552801968964e-08
2.351483725479498506e-08
2.150575460457410232e-08
1.964859715886599899e-08
1.793269250558165803e-08
1.634835533306346885e-08
1.488675182261089257e-08
1.353973242040568697e-08
1.229963747281680148e-08
1.115917753114603298e-08
1.011141595308990316e-08
9.149756743889238223e-09
8.267876106255409648e-09
7.459668716141593112e-09
6.719283690022463000e-09
6.041195818911040066e-09
5.420213478164190538e-09
4.851438010254326167e-09
4.330272832822845007e-09
3.852492152422188386e-09
3.414268732045241253e-09
3.012122995049546402e-09
2.642871294646231058e-09
2.303646466420663130e-09
1.991925084096891746e-09
1.705481421105937280e-09
1.442300508895274929e-09
1.200551582156518962e-09
9.786149776230258376e-10
7.750686953611204514e-10
5.886099783949290314e-10
4.180000729073193635e-10
2.620874092786084602e-10
1.198358659414287122e-10
-9.716018511207060140e-12
-1.275162789291374728e-10
-2.344938116780125403e-10
-3.315045652097846979e-10
-4.193276842048677401e-10
-4.987192866706657097e-10
-5.704335043118539360e-10
-6.351739381014413727e-10
-6.935554968615077468e-10
-7.461374566413982766e-10
-7.934717126896617394e-10
-8.360817747125651999e-10
-8.744104927109554110e-10
-9.088254137748734449e-10
-9.396759956741931974e-10
-9.673096617556122448e-10
-9.920262474541338886e-10
-1.014051789782208039e-09
-1.033584362543803563e-09
-1.050838571405761089e-09
-1.066022164714768720e-09
-1.079288901476440221e-09
-1.090754050769203969e-09
-1.100550184813115484e-09
-1.108833460062170577e-09
-1.115734194050051936e-09
-1.121336419886059545e-09
-1.125725063266688560e-09
-1.129019504337554953e-09
-1.131341031459624898e-09
-1.132766833037724175e-09
-1.133350582670298993e-09
-1.133173594484598975e-09
-1.132339457066096984e-09
-1.130923144944026868e-09
-1.128958285605545745e-09
-1.126485449707116544e-09
-1.123578960218126164e-09
-1.120307911410513785e-09
-1.116697719613000508e-09
-1.112756845703636948e-09
-1.108525206636267826e-09
-1.104061811298049463e-09
-1.099394743316897979e-09
-1.094517486681595242e-09
