7.959320901583816987e-14 2.340649907755485551e-13 8.925165479783560884e-13 2.022660289127300899e-12
8.150853664787768764e-14 2.396837045111453484e-13 9.137894230172979107e-13 2.070663862350572521e-12
8.347334932207330904e-14 2.454469050716632042e-13 9.356009139508708499e-13 2.119861998549337009e-12
8.548905850513870253e-14 2.513586875161023560e-13 9.579659514973139288e-13 2.170286915946604198e-12
8.755712066909082578e-14 2.574232765799688902e-13 9.808999274634231772e-13 2.221971794370957072e-12
8.967903893326430376e-14 2.636450312847771810e-13 1.004418710675135302e-12 2.274950807263803520e-12
9.185636475681641365e-14 2.700284497189069484e-13 1.028538663501601634e-12 2.329259154855158039e-12
9.409069968455944558e-14 2.765781740061652895e-13 1.053276659031919693e-12 2.384933098593569795e-12
9.638369719681887618e-14 2.832989955259474242e-13 1.078650098971098501e-12 2.442009996926308735e-12
9.873706468516487652e-14 2.901958604153843941e-13 1.104676932276126173e-12 2.500528342477764817e-12
1.011525655151768622e-13 2.972738753227900885e-13 1.131375674532158378e-12 2.560527800650743289e-12
1.036320211463928482e-13 3.045383133954059668e-13 1.158765428112654092e-12 2.622049249720673963e-12
1.061773133440639994e-13 3.119946205496283144e-13 1.186865903203971038e-12 2.685134822537045743e-12
1.087903865269459607e-13 3.196484220742349666e-13 1.215697439740844694e-12 2.749827949910651806e-12
1.114732502302187549e-13 3.275055295459199696e-13 1.245281030252395857e-12 2.816173405714554693e-12
1.142279816307581727e-13 3.355719480065919293e-13 1.275638343635354361e-12 2.884217353742352184e-12
1.170567281383763925e-13 3.438538834124666229e-13 1.306791749928173752e-12 2.954007396430586374e-12
1.199617101056815456e-13 3.523577504101770137e-13 1.338764346153476391e-12 3.025592625549261797e-12
1.229452236638688904e-13 3.610901804418733524e-13 1.371579983234286420e-12 3.099023674897648877e-12
1.260096436251864595e-13 3.700580301128382137e-13 1.405263293970117784e-12 3.174352775018960213e-12
1.291574264202678797e-13 3.792683897870527497e-13 1.439839722116750797e-12 3.251633810010592807e-12
1.323911131206111017e-13 3.887285924580314749e-13 1.475335552650028096e-12 3.330922376551043888e-12
1.357133325999737935e-13 3.984462229399685568e-13 1.511777943249346986e-12 3.412275845220711680e-12
1.391268048104408112e-13 4.084291273460916760e-13 1.549194956989038641e-12 3.495753424142328695e-12
1.426343441267285678e-13 4.186854228114231197e-13 1.587615596264724518e-12 3.581416225008829328e-12
1.462388627920189300e-13 4.292235075107966941e-13 1.627069838054897393e-12 3.669327331651832418e-12
1.499433745527536510e-13 4.400520710805424107e-13 1.667588670611332482e-12 3.759551871303628667e-12
1.537509985116865465e-13 4.511801054939425947e-13 1.709204131614020043e-12 3.852157088647568456e-12
1.576649631636879088e-13 4.626169163841686740e-13 1.751949347834125764e-12 3.947212422761631376e-12
1.616886106311795767e-13 4.743721348779286876e-13 1.795858576445092981e-12 4.044789587169729499e-12
1.658254012106283355e-13 4.864557301093780036e-13 1.840967248174010115e-12 4.144962653283279432e-12
1.700789183227784046e-13 4.988780225710335699e-13 1.887312012439144380e-12 4.247808137471157717e-12
1.744528738526973324e-13 5.116496983618744909e-13 1.934930784582003831e-12 4.353405091957786704e-12
1.789511138430137756e-13 5.247818243867718489e-13 1.983862795366191957e-12 4.461835199815725682e-12
1.835776245937066985e-13 5.382858646577457190e-13 2.034148642998811755e-12 4.573182874416240457e-12
1.883365392571413230e-13 5.521736978683033317e-13 2.085830347900763037e-12 4.687535363673492807e-12
1.932321449158518027e-13 5.664576362872583476e-13 2.138951410363654906e-12 4.804982859320545549e-12
1.982688900413862762e-13 5.811504459132761769e-13 2.193556871228189298e-12 4.925618611446814676e-12
2.034513922883533321e-13 5.962653678748581541e-13 2.249693375793400916e-12 5.049539048605193517e-12
2.087844466646623815e-13 6.118161411224492808e-13 2.307409241167718153e-12 5.176843903801634664e-12
2.142730340635607838e-13 6.278170263677939772e-13 2.366754527155415758e-12 5.307636346547275930e-12
2.199223300104402098e-13 6.442828310623868904e-13 2.427781110682720360e-12 5.442023121044075016e-12
2.257377134729238615e-13 6.612289351831052657e-13 2.490542763806923545e-12 5.580114690608377952e-12
2.317247757048222287e-13 6.786713176909647906e-13 2.555095235387522044e-12 5.722025388474593818e-12
2.378893291333167837e-13 6.966265835327190787e-13 2.621496336403738093e-12 5.867873575026481251e-12
2.442374161915312253e-13 7.151119909196160538e-13 2.689806028766394813e-12 6.017781801353382654e-12
2.507753179511559694e-13 7.341454785672251461e-13 2.760086517478956225e-12 6.171876979043092451e-12
2.575095625549196432e-13 7.537456927429509548e-13 2.832402346123793755e-12 6.330290556262778686e-12
2.644469336117716432e-13 7.739320141530595320e-13 2.906820495688978816e-12 6.493158700247920962e-12
2.715944786994412582e-13 7.947245847219924636e-13 2.983410486696507112e-12 6.660622486277122283e-12
2.789595180285700966e-13 8.161443343012870921e-13 3.062244484616104114e-12 6.832828093260826052e-12
2.865496533980743401e-13 8.382130075291316605e-13 3.143397408745263456e-12 7.009927006316582272e-12
2.943727777724239827e-13 8.609531913715249552e-13 3.226947044928636455e-12 7.192076226964884774e-12
3.024370858815197097e-13 8.843883440379644561e-13 3.312974162546238253e-12 7.379438491695496259e-12
3.107510861480860117e-13 9.085428259613805686e-13 3.401562636266574960e-12 7.572182499769614832e-12
3.193236142393070414e-13 9.334419336355069087e-13 3.492799573325642630e-12 7.770483151448879975e-12
3.281638487159822756e-13 9.591119373996367458e-13 3.586775447454839965e-12 7.974521798270005529e-12
3.372813293453433462e-13 9.855801244607097429e-13 3.683584240771651556e-12 8.184486507228613025e-12
3.466859784290328097e-13 1.012874848313933763e-12 3.783323594932688071e-12 8.400572340727708183e-12
3.563881251679732881e-13 1.041025585449041553e-12 3.886094972852404161e-12 8.622981654143382243e-12
3.663985329497757269e-13 1.070063000069432585e-12 3.992003832371096650e-12 8.851924412920809792e-12
3.767284294500226798e-13 1.100019017397304063e-12 4.101159813218463875e-12 9.087618531049944435e-12
3.873895393090197798e-13 1.130926905711087529e-12 4.213676938353667481e-12 9.330290232433158427e-12
3.983941188876367516e-13 1.162821366643887563e-12 4.329673830490800122e-12 9.580174436292395569e-12
4.097549925020658715e-13 1.195738632834972292e-12 4.449273944524609547e-12 9.837515167572434594e-12
4.214855896037760974e-13 1.229716571823167799e-12 4.572605816446282254e-12 1.010256599307662666e-11
4.335999822444751445e-13 1.264794794723425424e-12 4.699803328847939326e-12 1.037559048344444342e-11
4.461129216983876242e-13 1.301014767549336691e-12 4.831005992330264375e-12 1.065686270012156186e-11
4.590398727291588554e-13 1.338419922394860721e-12 4.966359241443511493e-12 1.094666770562513405e-11
4.723970441588576421e-13 1.377055765486913617e-12 5.106014743412120229e-12 1.124530209493217353e-11
4.862014150029853195e-13 1.416969979279916859e-12 5.250130717669762075e-12 1.155307454558625227e-11
5.004707560032305959e-13 1.458212515996752094e-12 5.398872264076179823e-12 1.187030638401062065e-11
5.152236467668116873e-13 1.500835680437489146e-12 5.552411697797562086e-12 1.219733216574645421e-11
5.304794891113129814e-13 1.544894200816510159e-12 5.710928889276070619e-12 1.253450026796494856e-11
5.462585176349693089e-13 1.590445287754004487e-12 5.874611608192532760e-12 1.288217349333259249e-11
5.625818087714390089e-13 1.637548682842367179e-12 6.043655870633531408e-12 1.324072968489760022e-11
5.794712897839467361e-13 1.686266699312985462e-12 6.218266289191284051e-12 1.361056235253932519e-11
5.969497498857305853e-13 1.736664258761987402e-12 6.398656427074747576e-12 1.399208131337293146e-11
6.150408571206462296e-13 1.788808930002280156e-12 6.585049159526505840e-12 1.438571335139684836e-11
6.337691860390800604e-13 1.842770978458329848e-12 6.777677048318086318e-12 1.479190290489818036e-11
6.531602615984781109e-13 1.898623436413103464e-12 6.976782737312184007e-12 1.521111279303063922e-11
6.732406240011131958e-13 1.956442205682886864e-12 7.182619378994001588e-12 1.564382499538376182e-11
6.940379179899213343e-13 2.016306205035662055e-12 7.395451103468306296e-12 1.609054150022498856e-11
7.155810088677152763e-13 2.078297574522709065e-12 7.615553542387719181e-12 1.655178523807392175e-11
7.379001260968247180e-13 2.142501947212238690e-12 7.843214420404866889e-12 1.702810111716761737e-11
7.610270338245835434e-13 2.209008795643497611e-12 8.078734226337872416e-12 1.752005717657227279e-11
7.849952264300572045e-13 2.277911856498196992e-12 8.322426975623267244e-12 1.802824587159790074e-11
8.098401461540231323e-13 2.349309633069194938e-12 8.574621074445821588e-12 1.855328550439247751e-11
8.355994183182595432e-13 2.423305970741396123e-12 8.835660293463259440e-12 1.909582180923810731e-11
8.623130970917263274e-13 2.500010695434289738e-12 9.105904855148982195e-12 1.965652969685280060e-11
8.900239118849437718e-13 2.579540299154368478e-12 9.385732634049416218e-12 2.023611515551453288e-11
9.187775023777636081e-13 2.662018651200990750e-12 9.675540464127364413e-12 2.083531729973388753e-11
9.486226292461167526e-13 2.747577708352715311e-12 9.975745541663136234e-12 2.145491054963557870e-11
9.796113474643215287e-13 2.836358192510346068e-12 1.028678690588814207e-11 2.209570691647533430e-11
1.011799129645765489e-12 2.928510200619653723e-12 1.060912697345882229e-11 2.275855836285416434e-11
1.045244928898194773e-12 3.024193710784399120e-12 1.094325309815822786e-11 2.344435920137738620e-11
1.080011174291891624e-12 3.123578951131443435e-12 1.128967912434452754e-11 2.415404849308310562e-11
1.116163696509088674e-12 3.226846603768810752e-12 1.164894690169839828e-11 2.488861240678031010e-11
1.153771585925163979e-12 3.334187824553393060e-12 1.202162773015340412e-11 2.564908650295771607e-11
1.192906990629990137e-12 3.445804070654847352e-12 1.240832370811091535e-11 2.643655791214419218e-11
1.233644868250518181e-12 3.561906742341652361e-12 1.280966896405910913e-11 2.725216738799064643e-11
1.276062712406516946e-12 3.682716662204738905e-12 1.322633076083515228e-11 2.809711122937496868e-11
1.320240281316762318e-12 3.808463432954337668e-12 1.365901047303640030e-11 2.897264308329113762e-11
1.366259362522036116e-12 3.939384733776832225e-12 1.410844445282993084e-11 2.988007566180688643e-11
1.414203614520504804e-12 4.075725635381387238e-12 1.457540481880953441e-11 3.082078243234652550e-11
1.464158532468284020e-12 4.217738034142243912e-12 1.506070022568206894e-11 3.179619936934269551e-11
1.516211587946535123e-12 4.365680322705799444e-12 1.556517669637104095e-11 3.280782688327488965e-11
1.570452588811132280e-12 4.519817423873694791e-12 1.608971861859737431e-11 3.385723206599277770e-11
1.626974292973926000e-12 4.680421313138794180e-12 1.663525002118833946e-11 3.494605140488015369e-11
1.685873290772993180e-12 4.847772140580237307e-12 1.720273624812277875e-11 3.607599411946381587e-11
1.747251147710443540e-12 5.022160033995224537e-12 1.779318614009645393e-11 3.724884626165591047e-11
1.811215778125841637e-12 5.203887624475038988e-12 1.840765481785775442e-11 3.846647569844675699e-11
1.877883006423141252e-12 5.393273289218693076e-12 1.904724714478219035e-11 3.973083806975541124e-11
1.947378266887960439e-12 5.590655060494658031e-12 1.971312193111701741e-11 4.104398378757702708e-11
2.019838388774791834e-12 5.796395105536907326e-12 2.040649692448624993e-11 4.240806611097608293e-11
2.095413398188741231e-12 6.010884635121723444e-12 2.112865460027968830e-11 4.382535028433626218e-11
2.174268235813715557e-12 6.234549043160897133e-12 2.188094871263922407e-11 4.529822365494868729e-11
2.256584247651408961e-12 6.467853016126505888e-12 2.266481149236143082e-11 4.682920659236591357e-11
2.342560275736310121e-12 6.711305288167363211e-12 2.348176129504193903e-11 4.842096393157097975e-11
2.432413179835192937e-12 6.965462670710944141e-12 2.433341043285203949e-11 5.007631657995900641e-11
2.526377668420009110e-12 7.230932971229042993e-12 2.522147288643673083e-11 5.179825288708059014e-11
2.624705394087272391e-12 7.508376446081928097e-12 2.614777159509022210e-11 5.358993938247180675e-11
2.727663342982658537e-12 7.798505505546746723e-12 2.711424504891264228e-11 5.545473052478414082e-11
2.835531588374942056e-12 8.102082490833085876e-12 2.812295293097964332e-11 5.739617714760102948e-11
2.948600480061837700e-12 8.419915455980685194e-12 2.917608056703911659e-11 5.941803331931127992e-11
3.067167336101277392e-12 8.752852006555416605e-12 3.027594194988132165e-11 6.152426137333174452e-11
3.191532743560843021e-12 9.101771383510769523e-12 3.142498115497884647e-11 6.371903495486034626e-11
3.321996692799221005e-12 9.467575153784289871e-12 3.262577209275607588e-11 6.600674011416963173e-11
3.458854945634662136e-12 9.851177090021779620e-12 3.388101676175296736e-11 6.839197476371189529e-11
3.602396203123388661e-12 1.025349308014089310e-11 3.519354244563309191e-11 7.087954716862866033e-11
3.752900714397978336e-12 1.067543216842464390e-11 3.656629857566418341e-11 7.347447448469510426e-11
3.910640911812948657e-12 1.111789003966624387e-11 3.800235419932010916e-11 7.618198262088437456e-11
4.075884490093237839e-12 1.158174635964464515e-11 3.950489712582397668e-11 7.900750884761502686e-11
4.248900140276302760e-12 1.206786734174888635e-11 4.107723587402488654e-11 8.195670860963843820e-11
4.429965983195918821e-12 1.257711472092747098e-11 4.272280556597101712e-11 8.503546798196617564e-11
4.619380659842119282e-12 1.311036201710936606e-11 4.444517892038939910e-11 8.824992316901222440e-11
4.817476996367306357e-12 1.366851860702489840e-11 4.624808349572501808e-11 9.160648838834667594e-11
5.024638088948048316e-12 1.425256172491762989e-11 4.813542626601757956e-11 9.511189334755531058e-11
5.241315470749550536e-12 1.486357607559753593e-11 5.011132642640020458e-11 9.877323123876622276e-11
5.468048709411963495e-12 1.550280023850288165e-11 5.218015698067766306e-11 1.025980176837011195e-10
5.705485395179257151e-12 1.617167843952854163e-11 5.434659516409695327e-11 1.065942603620034788e-10
5.954400127457743254e-12 1.687191557252448161e-11 5.661568114403736266e-11 1.107705382147213362e-10
6.215710904594927407e-12 1.760553262595291520e-11 5.899288378870232713e-11 1.151360882491375784e-10
6.490491328761247701e-12 1.837491902365679971e-11 6.148417166603900610e-11 1.197008971975542065e-10
6.779977229443605737e-12 1.918287794182523974e-11 6.409608687341152321e-11 1.244757946673737721e-10
7.085566586269600461e-12 2.003266049487928538e-11 6.683581881359904513e-11 1.294725439580353841e-10
7.408811887208723869e-12 2.092798480628786088e-11 6.971127462468256856e-11 1.347039263694447001e-10
7.751404258164904643e-12 2.187303637143963066e-11 7.273114266014210282e-11 1.401838145729171496e-10
8.115148923379018820e-12 2.287244675701275937e-11 7.590494525566937403e-11 1.459272305271055142e-10
8.501931948542448204e-12 2.393124857443911603e-11 7.924307708798283475e-11 1.519503836416377690e-10
8.913678888077636423e-12 2.505480585217180508e-11 8.275682579940224900e-11 1.582706855763893652e-10
9.352306886471957863e-12 2.624872045323699635e-11 8.645837227089267605e-11 1.649067393007495716e-10
9.819672820204080233e-12 2.751871705094043651e-11 9.036076898142432479e-11 1.718783017931489806e-10
1.031752100995196668e-11 2.887051133751342664e-11 9.447789627759901543e-11 1.792062219048944414e-10
1.084743473733559731e-11 3.030966847462420147e-11 9.882439807307479624e-11 1.869123572786140639e-10
1.141079622561215813e-11 3.184146110157758544e-11 1.034156004603390613e-10 1.950194766543099687e-10
1.200875989574879305e-11 3.347073822418398370e-11 1.082674188280859880e-10 2.035511562707073206e-10
1.264224352908294056e-11 3.520181767919119675e-11 1.133962610765417596e-10 2.125316811596314564e-10
1.331194129055910642e-11 3.703841525201098926e-11 1.188189360293477117e-10 2.219859636134748080e-10
1.401836124847264772e-11 3.898362265566862326e-11 1.245525768051558040e-10 2.319394916503207116e-10
1.476188817482968922e-11 4.103994442855398538e-11 1.306145886498817515e-10 2.424183197785409906e-10
1.554287049006865457e-11 4.320940066292556304e-11 1.370226298481296542e-10 2.534491129875682375e-10
1.636172882939111506e-11 4.549369883258042656e-11 1.437946333761722558e-10 2.650592531139293585e-10
1.721908309723459339e-11 4.789447427216212510e-11 1.509488762847931185e-10 2.772770148509396110e-10
1.811589451695015823e-11 5.041359511391783845e-11 1.585041031205194321e-10 2.901318164176443432e-10
1.905361791802283994e-11 5.305352326743846351e-11 1.664797079951204512e-10 3.036545463746221444e-10
2.003435635069374622e-11 5.581771767814100113e-11 1.748959759869414695e-10 3.178779622539790263e-10
2.106100531058032328e-11 5.871105932709727127e-11 1.837743779533685294e-10 3.328371483395635797e-10
2.213736928421831541e-11 6.174026985040821094e-11 1.931379045978576057e-10 3.485700103395563593e-10
2.326823173862145486e-11 6.491428885713527067e-11 2.030114181255088476e-10 3.651177763010813714e-10
2.445936284389936943e-11 6.824457098518921204e-11 2.134219954253746245e-10 3.825254683023538143e-10
2.571745625252695883e-11 7.174526377322633225e-11 2.243992361852698136e-10 4.008423089037717437e-10
2.704999358601859827e-11 7.543323141270399744e-11 2.359755109998338359e-10 4.201220283608342262e-10
2.846503878657381354e-11 7.932789587983920703e-11 2.481861252498035855e-10 4.404230402297413629e-10
2.997096271479761260e-11 8.345087401836982723e-11 2.610693721282280739e-10 4.618084523745115969e-10
3.157609437969251878e-11 8.782539613459157880e-11 2.746664436552782011e-10 4.843458788624753222e-10
3.328829529076879719e-11 9.247549978820009428e-11 2.890211662762569360e-10 5.081070204167299502e-10
3.511446305160085131e-11 9.742500443786947055e-11 3.041795332082747581e-10 5.331669923390614892e-10
3.705998960033821313e-11 1.026962910561058800e-10 3.201890220796964471e-10 5.596034015479881344e-10
3.912822187296986626e-11 1.083089363039954458e-10 3.370977115040660628e-10 5.874952056668338528e-10
4.131998795488620146e-11 1.142782805559500616e-10 3.549532374185283424e-10 6.169214194287082201e-10
4.363325228053472990e-11 1.206140372019496923e-10 3.738016517072979929e-10 6.479597587417521713e-10
4.606294898729370765e-11 1.273190704939960607e-10 3.936862576914174399e-10 6.806853261011362268e-10
4.860102117110589653e-11 1.343884759549534109e-10 4.146465011579278304e-10 7.151694444210207530e-10
5.123667717479348366e-11 1.418090904899055283e-10 4.367169978089282102e-10 7.514787464017747670e-10
5.395687125541000879e-11 1.495595428313332198e-10 4.599267845624653811e-10 7.896746301223970582e-10
5.674702417106831670e-11 1.576109350579214508e-10 4.842988948623146620e-10 8.298132007198230517e-10
5.959200931145976449e-11 1.659282271321385421e-10 5.098503724579664109e-10 8.719458274790743432e-10
6.247742788421434881e-11 1.744723778989672381e-10 5.365928447612405842e-10 9.161204444533712927e-10
6.539117249653900662e-11 1.832032712357301952e-10 5.645337667427503687e-10 9.623836998163326933e-10
6.832523352264647616e-11 1.920834164996177927e-10 5.936784156297949828e-10 1.010784010153717428e-09
7.127765087198300111e-11 2.010823538076611145e-10 6.240326698034956644e-10 1.061375507260876772e-09
7.425447590421417919e-11 2.101816217744791426e-10 6.556065532343354520e-10 1.114222792245055166e-09
7.727160036662008429e-11 2.193800714432082755e-10 6.884184813511763057e-10 1.169406351658670084e-09
8.035633182258986611e-11 2.286992507776597029e-10 7.225001110896548550e-10 1.227028451097420491e-09
8.354863001528524678e-11 2.381885484340808065e-10 7.579016727186590887e-10 1.287219296791195809e-09
8.690193879831615723e-11 2.479297716952350627e-10 7.946976322224409992e-10 1.350143228083864410e-09
9.048353568006453640e-11 2.580408311370607673e-10 8.329924900278447220e-10 1.416004658250377086e-09
9.437428264550258825e-11 2.686782040599460054e-10 8.729264650094365527e-10 1.485053418993930299e-09
9.866763042368679094e-11 2.800378499969448435e-10 9.146807568096801449e-10 1.557589107819584125e-09
1.034677437888180066e-10 2.923542675594777646e-10 9.584820478033377332e-10 1.633964021661538806e-09
1.088866975591234272e-10 3.058974323623934767e-10 1.004605916884441314e-09 1.714584310514204478e-09
1.150408234440452880e-10 3.209674564676287323e-10 1.053378892628994385e-09 1.799909101262698406e-09
1.220464178357283876e-10 3.378869625732317700e-10 1.105178957912835154e-09 1.890447496803767755e-09
1.300151005829502852e-10 3.569913566718884714e-10 1.160434410291547968e-09 1.986753510725148000e-09
1.390491274022108027e-10 3.786173857360683900e-10 1.219621070088171645e-09 2.089419128401199318e-09
1.492369289585191389e-10 4.030905545686783968e-10 1.283257914791306973e-09 2.199065792714065202e-09
1.606491237768609671e-10 4.307121256918825155e-10 1.351901315382503226e-09 2.316334716204970973e-09
1.733352592438509860e-10 4.617465237728665097e-10 1.426138159952008296e-09 2.441876536399696944e-09
1.873215637799809209e-10 4.964100063345396650e-10 1.506578255923562006e-09 2.576340949973917455e-09
2.026100029669015768e-10 5.348614491476900527e-10 1.593846477668532783e-09 2.720367056815108885e-09
2.191788904137268477e-10 5.771960401186197383e-10 1.688575157510052686e-09 2.874575190738270785e-09
2.369852186135239375e-10 6.234425972544150502e-10 1.791397222304370152e-09 3.039561006519319882e-09
2.559687905932275514e-10 6.735651385601242708e-10 1.902940594829472488e-09 3.215892553135052709e-09
2.760581876809718330e-10 7.274692330366500847e-10 2.023824435205140124e-09 3.404111008181136431e-09
2.971785859894326638e-10 7.850135269745038498e-10 2.154657865335779064e-09 3.604735662255751934e-09
3.192613593978863927e-10 8.460266248167346021e-10 2.296041813741967252e-09 3.818273570256772444e-09
3.422552031005776848e-10 9.103291704519591026e-10 2.448574444935019797e-09 4.045233973380715084e-09
3.661381832425317141e-10 9.777605218946712374e-10 2.612860272099114915e-09 4.286147141954452641e-09
3.909297880247331863e-10 1.048208896994447829e-09 2.789522588153877483e-09 4.541586783178076258e-09
4.167019085202161708e-10 1.121643393615016751e-09 2.979218466810334466e-09 4.812194740336204796e-09
4.435878251670116379e-10 1.198145958067583085e-09 3.182655430911113347e-09 5.098706483831076356e-09
4.717886409919324727e-10 1.277941235191606313e-09 3.400608956150026624e-09 5.401975837973695431e-09
5.015769247148099322e-10 1.361422235875176908e-09 3.633940083943288588e-09 5.722997348315675987e-09
5.332973226586954519e-10 1.449169787928816019e-09 3.883612288825661671e-09 6.062924489618641956e-09
5.673634855024211367e-10 1.541963685098582242e-09 4.150706233646599662e-09 6.423081485839190872e-09
6.042500780255443847e-10 1.640783301583899718e-09 4.436430274844343879e-09 6.804966025176874271e-09
6.444783717330701581e-10 1.746795320718974887e-09 4.742123934175475890e-09 7.210239945169806298e-09
6.885943763731485056e-10 1.861326367892120030e-09 5.069251468692068817e-09 7.640705360217630996e-09
7.371396917717753405e-10 1.985818967794209404e-09 5.419383354783263076e-09 8.098264794544681813e-09
7.906168209340737563e-10 2.121770453729350351e-09 5.794164765050815159e-09 8.584865413097958872e-09
8.494518597259811311e-10 2.270656099064276843e-09 6.195271445506715929e-09 9.102428915870307529e-09
9.139576730720333798e-10 2.433839454596500569e-09 6.624354247272684492e-09 9.652769607206685179e-09
9.842997911375500466e-10 2.612474210015198321e-09 7.082973682256346724e-09 1.023750340412598941e-08
1.060465832553832660e-09 2.807402526386855588e-09 7.572525474979965596e-09 1.085795036485411098e-08
1.142238173693172520e-09 3.019054698577047598e-09 8.094157753747468355e-09 1.151503325953160788e-08
1.229169605374230782e-09 3.247354555430471909e-09 8.648680873651788896e-09 1.220917530583048509e-08
1.320563035201454889e-09 3.491634744539686201e-09 9.236472149795062608e-09 1.294020160614901266e-08
1.415458296734781322e-09 3.750566393237687542e-09 9.857379690984016328e-09 1.370725062469696320e-08
1.512630625106148748e-09 4.022108536708724019e-09 1.051063126806434877e-08 1.450870334650441909e-08
1.610605166665958042e-09 4.303483550519547186e-09 1.119475483174378219e-08 1.534213765663021098e-08
1.707689549077476053e-09 4.591184736340473439e-09 1.190751642904051750e-08 1.620431359988401745e-08
1.802022781908620544e-09 4.881020573917723857e-09 1.264587915250752845e-08 1.709119207150381716e-08
1.891635351331663242e-09 5.168197106899900926e-09 1.340598443086561033e-08 1.799798645706836082e-08
1.974514232245120862e-09 5.447436420913685233e-09 1.418315568854691383e-08 1.891924515911876969e-08
2.048668508541915396e-09 5.713126470126299613e-09 1.497192484492468449e-08 1.984896332759308539e-08
2.112195314983557843e-09 5.959496431438868646e-09 1.576608381345862290e-08 2.078072355291158277e-08
2.163349234890940769e-09 6.180812106050503299e-09 1.655876454891195289e-08 2.170786582649919593e-08
2.200618335323460627e-09 6.371586468564407480e-09 1.734255052609416598e-08 2.262368491804987681e-08
2.222805725777909167e-09 6.526799852219306761e-09 1.810961906514361224e-08 2.352164819508140291e-08
2.229108767846690945e-09 6.642121731187171545e-09 1.885190864086197414e-08 2.439562066620920088e-08
2.219182814597134928e-09 6.714122196637431246e-09 1.956130062732443134e-08 2.524007980565787766e-08
2.193176334446073518e-09 6.740457732820525547e-09 2.022980326722336031e-08 2.605030306990898647e-08
2.151730410377762983e-09 6.720014758577813843e-09 2.084972790151798135e-08 2.682251617031256326e-08
2.095945124530176386e-09 6.652996789214471293e-09 2.141385228260357441e-08 2.755399763081230808e-08
2.027323231859150570e-09 6.540946720822146090e-09 2.191557027176575102e-08 2.824314114401551504e-08
1.947703626263026754e-09 6.386703002318356479e-09 2.234902885846671030e-08 2.888947899188075441e-08
1.859192735144421755e-09 6.194295084113684170e-09 2.270925167031853704e-08 2.949366736120044068e-08
1.764094395617348973e-09 5.968787675636427082e-09 2.299224470302539846e-08 3.005743054342510512e-08
1.664833034726781525e-09 5.716084391498457002e-09 2.319507769258719797e-08 3.058345945835010209e-08
1.563864751923029984e-09 5.442700150339083542e-09 2.331593531470764785e-08 3.107526288895882438e-08
1.463576221144039529e-09 5.155510016630568077e-09 2.335413602105863424e-08 3.153697658027584082e-08
1.366178796328812962e-09 4.861481851007823022e-09 2.331012071151759870e-08 3.197314282230610679e-08
1.273610286277208057e-09 4.567401963492802614e-09 2.318541615656250518e-08 3.238847767742772371e-08
1.187456688967535381e-09 4.279606251122925303e-09 2.298257802731363539e-08 3.278764261658574957e-08
1.108901057300219310e-09 4.003732192061063415e-09 2.270511642304544828e-08 3.317503266974743721e-08
1.038699610752519974e-09 3.744507599604711052e-09 2.235740490589685278e-08 3.355458710425400206e-08
9.771799245274341018e-10 3.505589321737067664e-09 2.194457383563805638e-08 3.392962441908328119e-08
9.242548226484057300e-10 3.289459869241100223e-09 2.147239029199483618e-08 3.430270300929748441e-08
8.794482864885813151e-10 3.097384267063612746e-09 2.094712873487817498e-08 3.467551174624540204e-08
8.419339641357252893e-10 2.929425292488642142e-09 2.037543723515619764e-08 3.504879836832454811e-08
8.105897448257770389e-10 2.784513562736944678e-09 1.976420312208551164e-08 3.542234474977096794e-08
7.840713218286380982e-10 2.660568914288220048e-09 1.912042017514951257e-08 3.579499476051150489e-08
7.609036778408409321e-10 2.554669398007849278e-09 1.845105861453486012e-08 3.616473298553548058e-08
7.395839242469621232e-10 2.463262421166129922e-09 1.776294003831826742e-08 3.652880394839872584e-08
7.186847492837714062e-10 2.382408777347629846e-09 1.706262159455793621e-08 3.688385560687505696e-08
6.969470716157395771e-10 2.308045666703926849e-09 1.635629541902257581e-08 3.722609050773081943e-08
6.733536758710527101e-10 2.236251243244839032e-09 1.564970913420415599e-08 3.755141300409675345e-08
6.471808961261197449e-10 2.163492315554770614e-09 1.494811064371154033e-08 3.785556835203996852e-08
6.180300540987832297e-10 2.086838989960561736e-09 1.425621674767847378e-08 3.813427512237546310e-08
5.858422060642103702e-10 2.004134425352791652e-09 1.357820218482494731e-08 3.838335330639696035e-08
5.508985201955399690e-10 1.914112903316992410e-09 1.291770498638761693e-08 3.859884690132955675e-08
5.138059149955987866e-10 1.816463663962240133e-09 1.227784549038235898e-08 3.877713462736964322e-08
4.754658009304905268e-10 1.711840720384281081e-09 1.166125862178663275e-08 3.891501965297274008e-08
4.370244062732666415e-10 1.601820343232450009e-09 1.107014025419268246e-08 3.900979113644532748e-08
3.998060050083233251e-10 1.488808893363207150e-09 1.050630750205100458e-08 3.905925641997415018e-08
3.652337313233947944e-10 1.375905024494032773e-09 9.971269916705827755e-09 3.906174973545066209e-08
3.347446965753279965e-10 1.266722409481642025e-09 9.466305271518877705e-09 3.901612764420637596e-08
3.097059950873520862e-10 1.165181870541441988e-09 8.992531774666956316e-09 3.892176106777322630e-08
2.913364908420383551e-10 1.075284431018989650e-09 8.550969279882489472e-09 3.877852927573311804e-08
2.806373984559581711e-10 1.000878547479392608e-09 8.142585116421573944e-09 3.858681535178622033e-08
2.783336957293472510e-10 9.454351007530603532e-10 7.768323963821783058e-09 3.834749874505658522e-08
2.848284372531171474e-10 9.118426126998062339e-10 7.429123731549468886e-09 3.806194049973803804e-08
3.001723487556088042e-10 9.022330737221472400e-10 7.125919380139403783e-09 3.773196026779762936e-08
3.240508491616092753e-10 9.178463776787477672e-10 6.859634349889294242e-09 3.735980878920665318e-08
3.557896446723858533e-10 9.589391937086904459e-10 6.631156612308188848e-09 3.694814202451861934e-08
3.943787219995926248e-10 1.024742329069513378e-09 6.441295689612251342e-09 3.650000152073465327e-08
4.385135655618632351e-10 1.113469055749569886e-09 6.290719621215337937e-09 3.601880025436845644e-08
4.866519239500515454e-10 1.222375095299773190e-09 6.179876039551607831e-09 3.550830686355216197e-08
5.370840304824073210e-10 1.347868645682552303e-09 6.108906662986775650e-09 3.497261751285014532e-08
5.880132336628091417e-10 1.485665911880801999e-09 6.077566718645128203e-09 3.441610606963610323e-08
6.376423833796557067e-10 1.630984321412422992e-09 6.085158735348660718e-09 3.384334945584745928e-08
6.842596964959257996e-10 1.778762488250197740e-09 6.130484987151447439e-09 3.325903287592901022e-08
7.263172604081597886e-10 1.923893656762466606e-09 6.211817650478032055e-09 3.266784504135700436e-08
7.624965182084243080e-10 2.061458327007735592e-09 6.326883384899303641e-09 3.207437392625929021e-08
7.917577103706799994e-10 2.186942265330979320e-09 6.472860481690170689e-09 3.148300945297331257e-08
8.133730959898091690e-10 2.296428000588763464e-09 6.646390335195452215e-09 3.089785395007261858e-08
8.269454519945545760e-10 2.386750725165908523e-09 6.843607816981988020e-09 3.032263798616030554e-08
8.324132293901649592e-10 2.455612613883202908e-09 7.060194896036900869e-09 2.976064022381985893e-08
8.300423977458151641e-10 2.501652347679206512e-09 7.291458428637175896e-09 2.921461431001840297e-08
8.204037969481550268e-10 2.524468759970212738e-09 7.532428401165823515e-09 2.868673044073664750e-08
8.043349770315528821e-10 2.524599077884159038e-09 7.777969642783829847e-09 2.817854096795780207e-08
7.828873398851287172e-10 2.503453597918522808e-09 8.022899626523848626e-09 2.769097699713406291e-08
7.572620852318739373e-10 2.463210282481613206e-09 8.262107016765102262e-09 2.722437757792715260e-08
7.287406220779245165e-10 2.406674912498756373e-09 8.490668276398804884e-09 2.677854756687562433e-08
6.986156416778160643e-10 2.337114850136566591e-09 8.703961068801595006e-09 2.635283705181625996e-08
6.681277805854490553e-10 2.258076525668248044e-09 8.897772679180931052e-09 2.594623526027847275e-08
6.384105130097276451e-10 2.173197765185848224e-09 9.068399937229057419e-09 2.555747410811367474e-08
6.104438398298698934e-10 2.086025672254839784e-09 9.212735559270602315e-09 2.518513888771768458e-08
5.850164767998252014e-10 1.999849206470318865e-09 9.328335554306612767e-09 2.482778419808072234e-08
5.626968049917658985e-10 1.917553575768303719e-09 9.413463546769000447e-09 2.448405149892688298e-08
5.438141957068951926e-10 1.841501835449923703e-09 9.467109920907089207e-09 2.415278154647502636e-08
5.284533385041484590e-10 1.773448009399555113e-09 9.488985700102001503e-09 2.383311227208874581e-08
5.164639075454772298e-10 1.714485355332980138e-09 9.479492488513705368e-09 2.352455210970246633e-08
5.074860348880161746e-10 1.665032426042088687e-09 9.439670619266035411e-09 2.322702102461761654e-08
5.009892710760524776e-10 1.624857749024417827e-09 9.371128211970042474e-09 2.294085581201094418e-08
4.963202565177881194e-10 1.593141176305128366e-09 9.275954450012595663e-09 2.266678091353788115e-08
4.927533639936679660e-10 1.568566771027062993e-09 9.156621078640526200e-09 2.240584932148900306e-08
4.895394895393738775e-10 1.549439364918478395e-09 9.015876687972759023e-09 2.215935929636810849e-08
4.859503294913722080e-10 1.533815394657155602e-09 8.856638541930935104e-09 2.192875208965277728e-08
4.813176060109859661e-10 1.519638580245811628e-09 8.681886483654027473e-09 2.171549496816078113e-08
4.750676570830493265e-10 1.504872156950219928e-09 8.494562951041031397e-09 2.152095384051201069e-08
4.667512901510454793e-10 1.487621068632497037e-09 8.297482626004754971e-09 2.134626107161364313e-08
4.560674838283585010e-10 1.466239119369800977e-09 8.093254871038262967e-09 2.119218596857173767e-08
4.428785574407159760e-10 1.439417196110383260e-09 7.884221813209564063e-09 2.105901674792094577e-08
4.272146590475467020e-10 1.406249354484440968e-09 7.672414475963763185e-09 2.094646268256605158e-08
4.092668663583059092e-10 1.366274142368824329e-09 7.459528481530789579e-09 2.085358355426622512e-08
3.893700986580901744e-10 1.319489423744861143e-09 7.246919491508001992e-09 2.077875121540160711e-08
3.679784312048235013e-10 1.266340373602534715e-09 7.035616956500869105e-09 2.071964584255152315e-08
3.456357300078917799e-10 1.207682136995294684e-09 6.826353364459860267e-09 2.067328774335093774e-08
3.229439250658105242e-10 1.144720502815854644e-09 6.619605449679875987e-09 2.063610416047524611e-08
3.005303478400336761e-10 1.078935381916473145e-09 6.415643891590281347e-09 2.060402896434041887e-08
2.790150164835824539e-10 1.011992606795902437e-09 6.214588603493207002e-09 2.057263126675562930e-08
2.589788095720840548e-10 9.456495907721302646e-10 6.016467196852930090e-09 2.053726712750079867e-08
2.409339101730545695e-10 8.816599641082579227e-10 5.821274086352420861e-09 2.049324719284388482e-08
2.252982862086575173e-10 8.216817904672862308e-10 5.629026910924885157e-09 2.043601256005103028e-08
2.123759639522109237e-10 7.671935824905633160e-10 5.439816008335554769e-09 2.036131112336733719e-08
2.023444019438518500e-10 7.194220715761805612e-10 5.253842430428505194e-09 2.026536651964346416e-08
1.952495781605613919e-10 6.792853486464622415e-10 5.071441023168035581e-09 2.014503119845090189e-08
1.910087151554678299e-10 6.473543495257635865e-10 4.893087319186213674e-09 1.999791443590370565e-08
1.894200292884475093e-10 6.238345997981553406e-10 4.719389561430504520e-09 1.982247624695721366e-08
1.901785023182579320e-10 6.085687363005321833e-10 4.551068986348983936e-09 1.961808003865992348e-08
1.928963772881152242e-10 6.010588080634018173e-10 4.388931855903275597e-09 1.938500059179168634e-08
1.971268555942804882e-10 6.005059895746127035e-10 4.233835812343807663e-09 1.912438858004950991e-08
2.023893652323602818e-10 6.058643102395749594e-10 4.086651846190959338e-09 1.883819674821169708e-08
2.081948397607240324e-10 6.159043971675273764e-10 3.948222545098787600e-09 1.852907483679452298e-08
2.140696862290829953e-10 6.292830191240298279e-10 3.819317799341508524e-09 1.820024024511868363e-08
2.195774325115712684e-10 6.446143208080129993e-10 3.700590411361771213e-09 1.785533031001938843e-08
2.243373015308354650e-10 6.605389466605853774e-10 3.592535183166313090e-09 1.749824141272364564e-08
2.280390901553588911e-10 6.757876862715958316e-10 3.495455222506400321e-09 1.713296081532018172e-08
2.304537718285399825e-10 6.892367728085929987e-10 3.409438223409428067e-09 1.676339893212603308e-08
2.314393142626041849e-10 6.999525083994826091e-10 3.334343838559721420e-09 1.639323148047790157e-08
2.309414218674921407e-10 7.072234822353885593e-10 3.269801780600194486e-09 1.602576130973782400e-08
2.289893018930689405e-10 7.105793108187469562e-10 3.215219552848671321e-09 1.566380805843470085e-08
2.256870230230186967e-10 7.097955790058066864e-10 3.169798759140516962e-09 1.530963057567751921e-08
2.212014285868449074e-10 7.048854715612178098e-10 3.132559343947013209e-09 1.496488345542369298e-08
2.157477503792895414e-10 6.960793826597300537e-10 3.102371310874750688e-09 1.463060630264752624e-08
2.095740084283145283e-10 6.837944652433181859e-10 3.077993147208386003e-09 1.430724308510989539e-08
2.029450585295571617e-10 6.685965345955470604e-10 3.058115427731750296e-09 1.399468884988107442e-08
1.961269147364214909e-10 6.511569337715151414e-10 3.041407249891514950e-09 1.369236129872384442e-08
1.893718657407127333e-10 6.322069484379738357e-10 3.026562658889945745e-09 1.339929426790170888e-08
1.829049670139117443e-10 6.124922268702711925e-10 3.012344255742410309e-09 1.311424861669226058e-08
1.769126466610460672e-10 5.927295114882995145e-10 2.997621680285171625e-09 1.283583376138366194e-08
1.715342500941715518e-10 5.735678483024980516e-10 2.981403382704612415e-09 1.256263108430407873e-08
1.668572145680466017e-10 5.555562542849948578e-10 2.962860778624499147e-09 1.229330976716669260e-08
1.629161667492809186e-10 5.391194934610232530e-10 2.941344370810255593e-09 1.202672677530210549e-08
1.596956859069292105e-10 5.245430759238473979e-10 2.916391714196808024e-09 1.176200541214060903e-08
1.571359879516351345e-10 5.119678739502311706e-10 2.887727306137500939e-09 1.149859002034980866e-08
1.551405604136817940e-10 5.013939622076883138e-10 2.855254722520238147e-09 1.123627685669116678e-08
1.535848761852602538e-10 4.926925932525124670e-10 2.819041651436478053e-09 1.097522228484961507e-08
1.523256174393284984e-10 4.856247435257015879e-10 2.779298866945153589e-09 1.071592944742726280e-08
1.512101302326076324e-10 4.798644539880482581e-10 2.736354542522504986e-09 1.045921435651602186e-08
1.500859229925297844e-10 4.750251974096299204e-10 2.690625534133437635e-09 1.020615275361098128e-08
1.488098889143770694e-10 4.706876300006792645e-10 2.642587326661860493e-09 9.958010432231797894e-09
1.472567056130531706e-10 4.664272286214101176e-10 2.592744259585358591e-09 9.716161548809985045e-09
1.453257408965177611e-10 4.618404245636177252e-10 2.541601487047817841e-09 9.482000921660775283e-09
1.429458957645952713e-10 4.565679337236457456e-10 2.489639930417365968e-09 9.256856753320213251e-09
1.400781204212539502e-10 4.503141090856756785e-10 2.437295256753488799e-09 9.041909503451813220e-09
1.367157001234415005e-10 4.428613659330855181e-10 2.384941647661373409e-09 8.838121253413677674e-09
1.328826606506467199e-10 4.340790747337081536e-10 2.332880803910462596e-09 8.646178509826160341e-09
1.286307083656817833e-10 4.239267439858315700e-10 2.281336292890198135e-09 8.466450434015305415e-09
1.240350374213629509e-10 4.124517440540797048e-10 2.230453046183195120e-09 8.298963959890661108e-09
1.191892210126815192e-10 3.997821679931974726e-10 2.180301596694296864e-09 8.143396853204033285e-09
1.141993591124840025e-10 3.861156400194751634e-10 2.130886500190871090e-09 7.999089124035358578e-09
1.091777140456657755e-10 3.717049776683970808e-10 2.082158255709076546e-09 7.865072210732178231e-09
1.042361818942498052e-10 3.568416429455663239e-10 2.034027861822493373e-09 7.740114157244329665e-09
9.948004147022913960e-11 3.418379376290837002e-10 1.986382919393313169e-09 7.622777886112744457e-09
9.500243242868797114e-11 3.270089321894283097e-10 1.939103997607616742e-09 7.511488847368423859e-09
9.087992943316499738e-11 3.126551460657748291e-10 1.892079941895532026e-09 7.404607867880417051e-09
8.716943492781239843e-11 2.990469725064180663e-10 1.845220998722610283e-09 7.300504890022098787e-09
8.390646074099822469e-11 2.864117240886568913e-10 1.798469029263749610e-09 7.197629412821402381e-09
8.110474785029660452e-11 2.749239589405269386e-10 1.751804538303026410e-09 7.094573822313665837e-09
7.875709753578846306e-11 2.646994640329889727e-10 1.705250584980707563e-09 6.990126436795171431e-09
7.683724722946058397e-11 2.557929735385207707e-10 1.658873774917172797e-09 6.883311967780277547e-09
7.530260353672461700e-11 2.481994367609376018e-10 1.612782499593297067e-09 6.773418090252524112e-09
7.409762981202724798e-11 2.418584498921734941e-10 1.567122528948041495e-09 6.660007753334337490e-09
7.315767174789660675e-11 2.366613322477646399e-10 1.522070115700249017e-09 6.542917609321103390e-09
7.241299408773095176e-11 2.324602475965896815e-10 1.477822976245054771e-09 6.422243474255454539e-09
7.179279950284618199e-11 2.290787279333907526e-10 1.434589792342279158e-09 6.298314150089139069e-09
7.122901026503609313e-11 2.263229394521007050e-10 1.392579086884064857e-09 6.171655363388275486e-09
7.065961559815908618e-11 2.239930359598767140e-10 1.351988357540671825e-09 6.042946064622434908e-09
7.003142185302088414e-11 2.218939767383038977e-10 1.312994197741402287e-09 5.912969818927127439e-09
6.930208744279701194e-11 2.198452481236427370e-10 1.275743885670429699e-09 5.782564349022914901e-09
6.844137737911009510e-11 2.176890219698634492e-10 1.240348700033794218e-09 5.652572316084377666e-09
6.743162903336682139e-11 2.152964056168455737e-10 1.206879102242864037e-09 5.523796097609777133e-09
6.626747492310796952e-11 2.125715776319787010e-10 1.175361902320884698e-09 5.396958729184217804e-09
6.495491220872064652e-11 2.094537481609082682e-10 1.145779531755203974e-09 5.272672495607030836e-09
6.350983609755419625e-11 2.059170177632434820e-10 1.118071503837171240e-09 5.151416060242772761e-09
6.195616430312587442e-11 2.019683220358317086e-10 1.092138015419267518e-09 5.033520595128080717e-09
6.032367743977849669e-11 1.976437347534260346e-10 1.067845456581567168e-09 4.919165080596328654e-09
5.864569567069555559e-11 1.930034604691179452e-10 1.045033408531816193e-09 4.808380655961083387e-09
5.695671402393249944e-11 1.881258847619276197e-10 1.023522588279180971e-09 4.701063494063271573e-09
5.529012913005899129e-11 1.831010737111477087e-10 1.003123172939337506e-09 4.596995103742797715e-09
5.367620010328777423e-11 1.780241265564504856e-10 9.836429962935271854e-10 4.495868330780575510e-09
5.214038099745399683e-11 1.729887829762385297e-10 9.648952145140238755e-10 4.397316823356920786e-09
5.070213012505362884e-11 1.680816605259843296e-10 9.467051406533277132e-10 4.300945542448927043e-09
4.937424370670013425e-11 1.633774413629795949e-10 9.289160206104804747e-10 4.206360103889386253e-09
4.816269412573964991e-11 1.589352406611850975e-10 9.113935670815512619e-10 4.113193241462918439e-09
4.706690015871989346e-11 1.547962821601128118e-10 8.940291041814519552e-10 4.021127263641502944e-09
4.608033511468593294e-11 1.509828962225165443e-10 8.767412292937951860e-10 3.929911827870387750e-09
4.519138877861058426e-11 1.474987602405364346e-10 8.594759815116162118e-10 3.839376587163519035e-09
4.438442325054014760e-11 1.443302317283814025e-10 8.422056079075206163e-10 3.749438348133093187e-09
4.364097844957464662e-11 1.414485829714597385e-10 8.249261156416559190e-10 3.660102486027135822e-09
4.294107701006472385e-11 1.388129264396535581e-10 8.076538661560624017e-10 3.571458628210937673e-09
4.226455514019359837e-11 1.363736125967638251e-10 7.904214976531860407e-10 3.483671052172373726e-09
4.159232395468960444e-11 1.340758785643397620e-10 7.732734603758394015e-10 3.396964724558853495e-09
4.090746342935129578e-11 1.318635252961609386e-10 7.562614312314995612e-10 3.311608262869420482e-09
4.019607477933992014e-11 1.296824062643214202e-10 7.394398525735112277e-10 3.227895221273718966e-09
3.944785728969098126e-11 1.274835285482742865e-10 7.228618174276910805e-10 3.146124997356662286e-09
3.865641439938889789e-11 1.252256019395482945e-10 7.065754952760097445e-10 3.066584435574474846e-09
3.781931651183416409e-11 1.228769217536969562e-10 6.906212533365610326e-10 2.989530991595725473e-09
3.693795158997256508e-11 1.204165288697268753e-10 6.750295784903443917e-10 2.915178186099146781e-09
3.601718752463598209e-11 1.178346456007788568e-10 6.598198509238516144e-10 2.843683999135288838e-09
3.506486508298674324e-11 1.151324299507093683e-10 6.449999693258980692e-10 2.775142766882048692e-09
3.409114505317567780e-11 1.123211210477686210e-10 6.305667817461410007e-10 2.709580977952443730e-09
3.310774741276481966e-11 1.094206684350405792e-10 6.165072336360224537e-10 2.646957111957884684e-09
3.212713649269268764e-11 1.064579533850753752e-10 6.028001026082667943e-10 2.587165358114899514e-09
3.116171536864613933e-11 1.034647254618525124e-10 5.894181510447741403e-10 2.530042761658456982e-09
3.022309014197532246e-11 1.004753913982947870e-10 5.763305023523684533e-10 2.475379126176668471e-09
2.932145133347850312e-11 9.752480113546615600e-11 5.635050449110627848e-10 2.422928874660020579e-09
2.846510067513090409e-11 9.464617204252187000e-11 5.509106928342730395e-10 2.372424033735683640e-09
2.766013353508151899e-11 9.186927440678155916e-11 5.385193762170494724e-10 2.323587530561583873e-09
2.691027433516611099e-11 8.921897148611107601e-11 5.263076792612152371e-10 2.276146056587433367e-09
2.621685540721385020e-11 8.671417161078962231e-11 5.142580778937937109e-10 2.229841841980290810e-09
2.557892668967789874e-11 8.436721463918309625e-11 5.023597451921068156e-10 2.184442792485450035e-09
2.499348140054026107e-11 8.218368520555077169e-11 4.906089012864735631e-10 2.139750563971774497e-09
2.445577922523433544e-11 8.016262224797787708e-11 4.790086979810417378e-10 2.095606285495971145e-09
2.395974352157052237e-11 7.829707736447381079e-11 4.675686556542636493e-10 2.051893784307668688e-09
2.349840416416298412e-11 7.657496177224912616e-11 4.563037081836515818e-10 2.008540309822975604e-09
2.306435500624960078e-11 7.498011174188651887e-11 4.452329482465815510e-10 1.965514892163756248e-09
2.265019578437944433e-11 7.349349527858599468e-11 4.343781867666087385e-10 1.922824597959653556e-09
2.224893244891317514e-11 7.209447945547237416e-11 4.237624403908602154e-10 1.880509054101538526e-09
2.185431605226816747e-11 7.076207929538575847e-11 4.134084442127734238e-10 1.838633690262593227e-09
2.146110689057071803e-11 6.947611596019267855e-11 4.033372647447360352e-10 1.797282195295795629e-09
2.106525654400727505e-11 6.821822372536547108e-11 3.935670708398932342e-10 1.756548687087406543e-09
2.066400556057270268e-11 6.697266034483900862e-11 3.841121115794873390e-10 1.716530062816446924e-09
2.025589899771981281e-11 6.572689202398806126e-11 3.749819462166654916e-10 1.677318936565587649e-09
1.984072604172798401e-11 6.447194048479328319e-11 3.661809645598754753e-10 1.638997497525188781e-09
1.941939334581914447e-11 6.320249423452716260e-11 3.577082209958828366e-10 1.601632546739838393e-09
1.899374434331362960e-11 6.191679857293237367e-11 3.495575814550066179e-10 1.565271898687715904e-09
1.856633859680360915e-11 6.061634914084635534e-11 3.417181551680873252e-10 1.529942262451967783e-09
1.814020652106223287e-11 5.930542224674838415e-11 3.341749595425675332e-10 1.495648637255092376e-09
1.771859583188969159e-11 5.799048200608943734e-11 3.269097527616736701e-10 1.462375162980545798e-09
1.730472665782542344e-11 5.667950930529531572e-11 3.199019663920448484e-10 1.430087262869202271e-09
1.690157170222396597e-11 5.538130017125795002e-11 3.131296765299347870e-10 1.398734820080047461e-09
1.651167533995759350e-11 5.410478054632632401e-11 3.065705615873093130e-10 1.368256065042312082e-09
1.613702086304068605e-11 5.285838025079168226e-11 3.002028030876207644e-10 1.338581832580598399e-09
1.577894912034884685e-11 5.164950121097928487e-11 2.940058910697720005e-10 1.309639875908943900e-09
1.543812623732708858e-11 5.048410477840254127e-11 2.879612994143421749e-10 1.281358980511578343e-09
1.511455458214960948e-11 4.936643167913976337e-11 2.820530017958111239e-10 1.253672679094719910e-09
1.480762020841997928e-11 4.829885742263602704e-11 2.762678084139058183e-10 1.226522411166108152e-09
1.451617076262688131e-11 4.728187705788500224e-11 2.705955170246317762e-10 1.199859996510696816e-09
1.423861860377074459e-11 4.631420647561063903e-11 2.650288864466878751e-10 1.173649315132899515e-09
1.397306332652122689e-11 4.539298282734103415e-11 2.595634531659023708e-10 1.147867124398030891e-09
1.371742595994780262e-11 4.451404349893099308e-11 2.541972195488285355e-10 1.122503003928333178e-09
1.346958502549023388e-11 4.367226088917135847e-11 2.489302453750152483e-10 1.097558491082406339e-09
1.322750392898586851e-11 4.286190879115334009e-11 2.437641745619663836e-10 1.073045535070411056e-09
1.298934064882832536e-11 4.207703567171304974e-11 2.387017280952859101e-10 1.048984438412208368e-09
1.275353392150265929e-11 4.131182105927704399e-11 2.337461933116275393e-10 1.025401465046436893e-09
1.251886375441469118e-11 4.056089394040584298e-11 2.289009384891737711e-10 1.002326282962434004e-09
1.228448674199037503e-11 3.981959645226036398e-11 2.241689791817364905e-10 9.797893903002685855e-10
1.204994775910088695e-11 3.908418163985985552e-11 2.195526182363904925e-10 9.578196587703416760e-10
1.181516959745437853e-11 3.835193971131975391e-11 2.150531752054713029e-10 9.364421191380135485e-10
1.158042198068146820e-11 3.762125224247934410e-11 2.106708138109848608e-10 9.156761042803798590e-10
1.134627194563108706e-11 3.689157775151389170e-11 2.064044691627076098e-10 8.955338474743274512e-10
1.111351894925768283e-11 3.616337509562437707e-11 2.022518700356457779e-10 8.760196026300460042e-10
1.088311973639700355e-11 3.543797364651747995e-11 1.982096457583515875e-10 8.571293115404045264e-10
1.065610920716590428e-11 3.471740150996770726e-11 1.942735022748992437e-10 8.388507985933600331e-10
1.043352368707261769e-11 3.400418512870301976e-11 1.904384482050574012e-10 8.211644346346910813e-10
1.021633204905940226e-11 3.330113503376593261e-11 1.866990499460591320e-10 8.040441847351946466e-10
