50000.00000000001	0.153075
49751.24378109453	0.163865
49504.9504950495	0.178165
49261.08374384237	0.19708
49019.60784313726	0.2160275
48780.48780487804	0.237445
48543.68932038835	0.260845
48309.17874396135	0.286195
48076.92307692309	0.3097575
47846.88995215311	0.3328
47619.04761904762	0.3559725
47393.36492890996	0.3764475
47169.81132075471	0.39533
46948.35680751174	0.41353
46728.97196261682	0.4299424999999999
46511.62790697675	0.4456725
46296.2962962963	0.4625725000000001
46082.94930875576	0.47775
45871.55963302753	0.49309
45662.100456621	0.5078125
45454.54545454546	0.5241275
45248.86877828054	0.54028
45045.04504504505	0.558155
44843.04932735426	0.577785
44642.85714285714	0.59644
44444.44444444445	0.614575
44247.78761061947	0.6305975
44052.86343612335	0.6454825000000001
43859.64912280702	0.6567925
43668.12227074237	0.6656975000000001
43478.26086956522	0.673335
43290.04329004329	0.6802250000000001
43103.44827586207	0.68484
42918.45493562231	0.688805
42735.04273504273	0.6924775000000001
42553.19148936171	0.6950775
42372.88135593221	0.6972874999999999
42194.09282700422	0.6989775
42016.80672268908	0.6994975
41841.00418410042	0.6985549999999999
41666.66666666666	0.6938425
41493.77593360996	0.6874400000000001
41322.31404958678	0.6797375
41152.2633744856	0.67106
40983.60655737705	0.66274
40816.32653061225	0.655785
40650.40650406505	0.6519825
40485.82995951417	0.6508775
40322.58064516129	0.65247
40160.64257028112	0.65806
40000	0.6663475
39840.6374501992	0.6772675
39682.53968253968	0.690105
39525.69169960474	0.7032025000000001
39370.07874015749	0.7153900000000001
39215.6862745098	0.7253674999999999
39062.5	0.7327125
38910.50583657588	0.7368400000000001
38759.68992248062	0.735475
38610.03861003861	0.727935
38461.53846153846	0.7153575
38314.17624521073	0.69706
38167.93893129771	0.6761625
38022.81368821293	0.65312
37878.78787878788	0.6278675
37735.84905660377	0.60242
37593.98496240602	0.5772975
37453.18352059925	0.55159
37313.4328358209	0.5265649999999999
37174.72118959108	0.5026125
37037.03703703704	0.47983
36900.36900369004	0.4588024999999999
36764.70588235294	0.441545
36630.03663003663	0.4285125
36496.3503649635	0.4199975
36363.63636363637	0.4140825
36231.88405797102	0.4114175
36101.08303249098	0.411125
35971.22302158274	0.4103125
35842.29390681004	0.407485
35714.28571428572	0.403065
35587.18861209964	0.3962725
35460.99290780142	0.3876925
35335.68904593639	0.37921
35211.2676056338	0.3670225
35087.71929824562	0.3557125
34965.03496503497	0.344565
34843.20557491289	0.33514
34722.22222222223	0.3268525
34602.07612456748	0.3201575
34482.75862068965	0.314405
34364.26116838488	0.3109925
34246.57534246575	0.30875
34129.69283276451	0.3074175
34013.60544217687	0.307775
33898.30508474576	0.3094975
33783.78378378379	0.3117725
33670.03367003367	0.313365
33557.04697986577	0.3146975
33444.81605351171	0.3150875
33333.33333333334	0.31499
33222.59136212624	0.313105
33112.58278145696	0.3091075
33003.30033003301	0.3044925
32894.73684210526	0.297635
32786.88524590164	0.2881775
32679.7385620915	0.2814825
32573.28990228013	0.2702375
32467.53246753247	0.2613325
32362.45954692557	0.2498925
32258.06451612903	0.2383225
32154.34083601286	0.2266225
32051.28205128205	0.214695
31948.88178913738	0.2034825
31847.13375796179	0.191555
31746.03174603175	0.1787825
31645.56962025317	0.1665625
31545.74132492114	0.1562275
31446.54088050314	0.1450475
31347.96238244514	0.1323725
31250	0.12155
31152.64797507788	0.11063
31055.90062111802	0.1002625
30959.75232198142	0.0916825
30864.1975308642	0.08372
30769.23076923077	0.07536749999999999
30674.84662576687	0.06902999999999999
30581.03975535169	0.0639275
30487.80487804878	0.0593125
30395.1367781155	0.05564
30303.03030303031	0.05148
30211.48036253776	0.048295
30120.48192771084	0.04667
30030.03003003003	0.04576
29940.11976047904	0.045175
29850.74626865672	0.0463125
29761.90476190476	0.0468975
29673.59050445104	0.0494325
29585.79881656805	0.0528125
29498.52507374631	0.054795
29411.76470588235	0.05970250000000001
29325.51319648094	0.06318
29239.76608187135	0.0663
29154.51895043732	0.071175
29069.76744186047	0.07553
28985.50724637681	0.07871499999999999
28901.73410404624	0.08258249999999999
28818.44380403458	0.08758750000000001
28735.63218390805	0.09373000000000001
28653.29512893983	0.09733750000000001
28571.42857142857	0.1076075
28490.02849002849	0.1112475
28409.09090909091	0.1143675
28328.611898017	0.1196975
28248.58757062147	0.1218425
28169.01408450705	0.1270425
28089.88764044944	0.1319175
28011.20448179272	0.136565
27932.96089385475	0.1419275
27855.15320334262	0.1469975
27777.77777777778	0.1513525
27700.83102493075	0.155805
27624.30939226519	0.161525
27548.20936639118	0.165295
27472.52747252748	0.169
27397.2602739726	0.17485
27322.4043715847	0.1796275
27247.95640326976	0.1843725
27173.91304347826	0.18863
27100.27100271003	0.1923675
27027.02702702703	0.19578
26954.17789757413	0.19955
26881.72043010753	0.2038075
26809.65147453083	0.2075775
26737.9679144385	0.2112175
26666.66666666667	0.215735
26595.74468085106	0.2187575
26525.19893899204	0.2218125
26455.02645502646	0.2253875
26385.22427440633	0.2293525
26315.78947368421	0.2324725
26246.71916010499	0.2345525
26178.01047120419	0.2374775
26109.66057441254	0.24011
26041.66666666667	0.242385
25974.02597402598	0.24388
25906.73575129534	0.2444
25839.79328165375	0.244725
25773.19587628866	0.244595
25706.94087403599	0.2438475
25641.02564102564	0.2433925
25575.44757033248	0.24115
25510.20408163266	0.23894
25445.29262086514	0.23621
25380.71065989848	0.23283
25316.45569620253	0.2301
25252.52525252525	0.2262325
25188.91687657431	0.2223325
25125.62814070352	0.219245
25062.65664160401	0.21567
25000	0.21268
24937.65586034913	0.208975
24875.62189054726	0.2063425
24813.89578163772	0.20332
24752.47524752475	0.200655
24691.35802469136	0.1974375
24630.54187192118	0.1948375
24570.02457002457	0.1925625
24509.80392156863	0.1896375
24449.87775061125	0.1869725
24390.24390243902	0.1839825
24330.90024330901	0.1813175
24271.84466019418	0.1785225
24213.07506053269	0.17537
24154.58937198068	0.172315
24096.38554216867	0.1694875
24038.46153846154	0.1661725
23980.81534772183	0.1633125
23923.44497607656	0.1603875
23866.34844868735	0.15795
23809.52380952381	0.156065
23752.96912114014	0.1543425
23696.68246445498	0.152685
23640.66193853428	0.150995
23584.90566037736	0.14911
23529.41176470588	0.1483625
23474.17840375587	0.1477775
23419.2037470726	0.14742
23364.48598130841	0.14703
23310.02331002331	0.146835
23255.81395348837	0.1469325
23201.85614849188	0.1469975
23148.14814814815	0.146445
23094.68822170901	0.14586
23041.47465437788	0.1448525
22988.50574712644	0.14391
22935.77981651376	0.142025
22883.29519450801	0.1396525
22831.0502283105	0.137215
22779.04328018224	0.13403
22727.27272727273	0.1306825
22675.73696145125	0.1262625
22624.43438914027	0.1219075
22573.36343115124	0.117
22522.52252252253	0.1117675
22471.91011235955	0.10647
22421.52466367713	0.1014
22371.36465324385	0.09620000000000001
22321.42857142857	0.0907075
22271.714922049	0.08593000000000001
22222.22222222222	0.08137999999999999
22172.94900221729	0.07696
22123.89380530973	0.07273500000000001
22075.05518763797	0.06883500000000001
22026.43171806167	0.0655525
21978.02197802198	0.06269250000000001
21929.82456140351	0.059995
21881.83807439825	0.0578825
21834.06113537118	0.05603
21786.49237472767	0.05499
21739.13043478261	0.05466500000000001
21691.97396963124	0.0545025
21645.02164502165	0.054405
21598.27213822894	0.0548925
21551.72413793104	0.05609500000000001
21505.37634408602	0.0576875
21459.22746781116	0.05967
21413.27623126339	0.0617825
21367.52136752137	0.06428499999999999
21321.96162046909	0.0672425
21276.59574468085	0.070525
21231.42250530786	0.0743275
21186.4406779661	0.07861749999999999
21141.64904862579	0.08342749999999999
21097.04641350211	0.0886275
21052.63157894737	0.093665
21008.40336134454	0.0997425
20964.36058700209	0.1059175
20920.50209205021	0.112125
20876.82672233821	0.1191775
20833.33333333333	0.1263925
20790.02079002079	0.1341925
20746.88796680498	0.141765
20703.93374741201	0.150215
20661.15702479339	0.1588275
20618.55670103093	0.16718
20576.1316872428	0.1762475
20533.88090349076	0.184925
20491.80327868852	0.1938625
20449.89775051125	0.20319
20408.16326530612	0.213005
20366.59877800407	0.2225275
20325.20325203252	0.2316925
20283.97565922921	0.24141
20242.91497975709	0.2515825
20202.02020202021	0.261755
20161.29032258064	0.2719925
20120.72434607646	0.2834975
20080.32128514056	0.2960425
20040.08016032064	0.3092375
20000	0.322725
19960.07984031936	0.3370575
19920.3187250996	0.352885
19880.71570576541	0.3704025
19841.26984126984	0.3894475
19801.9801980198	0.4092724999999999
19762.84584980237	0.4314375
19723.86587771203	0.455845
19685.03937007874	0.48074
19646.36542239686	0.50661
19607.8431372549	0.53508
19569.47162426615	0.5653374999999999
19531.25	0.5969924999999999
19493.17738791423	0.628355
19455.25291828794	0.6610825
19417.47572815534	0.6945575
19379.84496124031	0.7283900000000001
19342.35976789168	0.7605324999999999
19305.0193050193	0.7913749999999999
19267.82273603083	0.8230624999999999
19230.76923076923	0.8553999999999999
19193.85796545106	0.885365
19157.08812260536	0.91351
19120.45889101339	0.94068
19083.96946564885	0.9652825
19047.61904761905	0.9886824999999999
19011.40684410647	1.0096775
18975.3320683112	1.02856
18939.39393939394	1.0467275
18903.59168241966	1.06327
18867.92452830189	1.0774075
18832.39171374765	1.0902125
18796.99248120301	1.10305
18761.72607879925	1.115205
18726.59176029963	1.12749
18691.58878504673	1.1401325
18656.71641791045	1.153425
18621.9739292365	1.1694475
18587.36059479554	1.187615
18552.87569573284	1.20809
18518.51851851852	1.2306125
18484.28835489834	1.2564825
18450.18450184502	1.287325
18416.20626151013	1.32132
18382.35294117647	1.3573625
18348.62385321101	1.3997425
18315.01831501831	1.4485575
18281.53564899452	1.500135
18248.17518248175	1.554475
18214.93624772313	1.614925
18181.81818181818	1.6767075
18148.82032667877	1.74187
18115.94202898551	1.814475
18083.18264014467	1.887925
18050.54151624549	1.9625125
18018.01801801802	2.0388875
17985.61151079137	2.1151
17953.32136445243	2.18777
17921.14695340502	2.25888
17889.08765652952	2.329925
17857.14285714286	2.3930075
17825.311942959	2.4501425
17793.59430604982	2.4986
17761.9893428064	2.5376325
17730.49645390071	2.56737
17699.11504424779	2.5869025
17667.8445229682	2.59272
17636.68430335097	2.5882025
17605.6338028169	2.57075
17574.69244288225	2.542475
17543.85964912281	2.50029
17513.13485113835	2.447965
17482.51748251748	2.3837775
17452.00698080279	2.3075325
17421.60278745645	2.2214725
17391.30434782609	2.12992
17361.11111111111	2.03125
17331.02253032929	1.922895
17301.03806228374	1.8111275
17271.15716753023	1.7021225
17241.37931034483	1.58964
17211.70395869191	1.4730625
17182.13058419244	1.35681
17152.65866209262	1.246765
17123.28767123288	1.1401325
17094.01709401709	1.036815
17064.84641638225	0.9351875000000001
17035.77512776831	0.8388249999999999
17006.80272108844	0.7546825
16977.92869269949	0.6773
16949.15254237288	0.601575
16920.47377326565	0.5336500000000001
16891.89189189189	0.475085
16863.40640809444	0.4210375
16835.01683501684	0.3701425
16806.72268907563	0.3249675
16778.52348993289	0.2858375
16750.41876046901	0.2504775
16722.40802675585	0.219635
16694.49081803005	0.1904175
16666.66666666667	0.1659775
16638.93510815308	0.1435525
16611.29568106312	0.124475
16583.74792703151	0.1067625
16556.29139072848	0.09178
16528.92561983471	0.0793325
16501.6501650165	0.06834750000000001
16474.46457990115	0.0589225
16447.36842105263	0.050375
16420.36124794745	0.0431925
16393.44262295082	0.0368875
16366.61211129296	0.0314925
16339.86928104575	0.026845
16313.21370309951	0.022815
16286.64495114006	0.01963
16260.16260162602	0.016705
16233.76623376624	0.014495
16207.45542949757	0.0124475
16181.22977346278	0.0105625
16155.08885298869	0.008840000000000001
16129.03225806452	0.0073775
16103.05958132045	0.0062075
16077.17041800643	0.0051025
16051.36436597111	0.004160000000000001
16025.64102564103	0.0032825
16000	0.0027625
15974.44089456869	0.0021775
15948.96331738437	0.0017875
15923.56687898089	0.0013975
15898.25119236884	0.00104
15873.01587301587	0.0008775
15847.86053882726	0.0004549999999999999
15822.78481012658	6.500000000000001e-05
15797.78830963665	-9.75e-05
15772.87066246057	-0.000195
15748.03149606299	-0.0003575
15723.27044025157	-0.0009425
15698.58712715855	-0.0013
15673.98119122257	-0.0013975
15649.45226917058	-0.001495
15625	-0.0017225
15600.624024961	-0.001885
15576.32398753894	-0.00208
15552.09953343702	-0.0017875
15527.95031055901	-0.0017875
15503.87596899225	-0.00182
15479.87616099071	-0.0017875
15455.95054095827	-0.0017225
15432.0987654321	-0.0017875
15408.32049306626	-0.00169
15384.61538461539	-0.001885
15360.98310291859	-0.0019825
15337.42331288344	-0.0017875
15313.93568147014	-0.00182
15290.51987767584	-0.001885
15267.17557251909	-0.001885
15243.90243902439	-0.00182
15220.700152207	-0.001885
15197.56838905775	-0.0019825
15174.50682852807	-0.002145
15151.51515151515	-0.002145
15128.5930408472	-0.002145
15105.74018126888	-0.00208
15082.95625942685	-0.0022425
15060.24096385542	-0.002145
15037.5939849624	-0.0021775
15015.01501501502	-0.0022425
14992.50374812594	-0.002145
14970.05988023952	-0.0021775
14947.68310911809	-0.0022425
14925.37313432836	-0.00234
14903.12965722802	-0.0023725
14880.95238095238	-0.0023725
14858.84101040119	-0.0023725
14836.79525222552	-0.002535
14814.81481481481	-0.00247
14792.89940828402	-0.00273
14771.04874446086	-0.0028925
14749.26253687316	-0.0027625
14727.54050073638	-0.0026325
14705.88235294118	-0.002665
14684.28781204112	-0.002665
14662.75659824047	-0.00273
14641.28843338214	-0.002925
14619.88304093567	-0.0028925
14598.5401459854	-0.002925
14577.25947521866	-0.00273
14556.04075691412	-0.0026325
14534.88372093023	-0.00299
14513.78809869376	-0.0030875
14492.75362318841	-0.0030225
14471.78002894356	-0.0027625
14450.86705202312	-0.0028275
14430.01443001443	-0.0030225
14409.22190201729	-0.0030875
14388.48920863309	-0.00299
14367.81609195402	-0.0030875
14347.20229555237	-0.0032175
14326.64756446991	-0.003185
14306.15164520744	-0.00312
14285.71428571429	-0.00312
