4.133412861358994376e-04
3.996435891164090660e-04
3.706192863847176814e-04
3.815791449364872370e-04
4.206749874151688938e-04
4.281278558312435361e-04
3.972204250246937117e-04
3.864488882617854795e-04
4.209508629268459865e-04
4.493015486979990781e-04
4.299070666926359404e-04
4.018726903050045683e-04
4.196198123930778125e-04
4.605520242958218964e-04
4.624154643309068237e-04
4.286194072064323482e-04
4.233534197391792425e-04
4.632704938922338608e-04
4.885030978555721104e-04
4.634128740564606328e-04
4.375436606656360038e-04
4.625550641726541888e-04
5.043905516309160359e-04
4.999967067754905112e-04
4.641614094595878075e-04
4.654629700044229587e-04
5.103866435318121916e-04
5.314143749439601211e-04
5.008223577804807487e-04
4.784083438903634963e-04
5.110230692153885099e-04
5.526899135483162931e-04
5.414887992921252335e-04
5.046648156194905033e-04
5.135637979815764085e-04
5.628950522629333443e-04
5.786273440317490132e-04
5.429446802378637155e-04
5.253748210508690049e-04
5.657694368610690586e-04
6.060704137887593362e-04
5.876646061278653502e-04
5.511069011668796088e-04
5.685728659063336594e-04
6.215157825939159964e-04
6.308909642454554531e-04
5.907694621103873854e-04
5.795127821430279876e-04
6.276783147728118772e-04
6.653094767283412609e-04
6.394907249204266836e-04
6.046592255311517092e-04
6.315722135970860398e-04
6.871318085272318243e-04
6.891541186553772807e-04
6.455089311893298957e-04
6.420931416899982149e-04
6.978140749194963310e-04
7.313887641858862537e-04
6.981766407701128644e-04
6.667344196038840721e-04
7.038553764808855046e-04
7.608402152781751013e-04
7.546214301690745392e-04
7.086532634933602210e-04
7.146414534187330242e-04
7.774774862324154929e-04
8.055562500730020434e-04
7.652392254213048013e-04
7.390489166426274324e-04
7.869904980887673868e-04
8.440207285535752295e-04
8.288269386999282898e-04
7.820444556461712609e-04
7.990106783139973735e-04
8.682819977111438893e-04
8.894090803121128307e-04
8.425888312857084724e-04
8.237082435972414808e-04
8.829068906630930082e-04
9.384284733778654923e-04
9.137329623574599966e-04
8.679765774449610003e-04
8.974814430571830589e-04
9.722583977202285373e-04
9.850058488782859750e-04
9.326462571180255210e-04
9.233246649022039312e-04
9.940150403000087755e-04
1.046321241012073810e-03
1.011865105549076237e-03
9.693341421167442351e-04
1.012901939174763429e-03
1.092000242083172607e-03
1.095021310876148233e-03
1.038504601191321975e-03
1.041181948489505217e-03
1.123375160351559529e-03
1.170636885532935463e-03
1.126500138754844534e-03
1.089786490194651070e-03
1.148885990354991254e-03
1.230869032288188936e-03
1.222963579927182319e-03
1.164157606965894945e-03
1.181470011833349407e-03
1.274937629209101347e-03
1.315245117090498147e-03
1.261932810993668169e-03
1.234066075054161262e-03
1.310098199293666848e-03
1.393288902011619599e-03
1.373485380532947411e-03
1.314828568821548331e-03
1.349625357700575019e-03
1.453892262627743152e-03
1.485312310985440875e-03
1.423863185173516533e-03
1.408375191452271042e-03
1.502672457361765900e-03
1.585178680729530491e-03
1.552840349554736278e-03
1.497454913016638264e-03
1.552835489030999529e-03
1.667186537787559465e-03
1.687842473625982128e-03
1.619972686183570806e-03
1.620994286884706263e-03
1.734840054855349293e-03
1.814600577690769333e-03
1.769569146042945015e-03
1.721420251480409612e-03
1.800804458462081700e-03
1.924313598092068471e-03
1.932500789348967239e-03
1.860804147371272711e-03
1.883215789152614065e-03
2.017897069067476831e-03
2.092760984787976359e-03
2.035560911943729793e-03
1.999691951758167125e-03
2.106947360485555976e-03
2.238545069396108422e-03
2.232905448259508378e-03
2.161147722916458014e-03
2.210821112603717116e-03
2.367739809822067259e-03
2.435603802381427520e-03
2.367749500421789232e-03
2.350646853413718672e-03
2.490315063501127857e-03
2.628924725229212552e-03
2.608724945941484630e-03
2.542300722068056330e-03
2.626499211336022054e-03
2.807389247051162492e-03
2.866441366240944644e-03
2.790927260394906496e-03
2.801113281440213622e-03
2.978814961408893236e-03
3.123620253349456994e-03
3.089222107584966518e-03
3.035904756210635203e-03
3.163971608116228611e-03
3.371317656553585781e-03
3.420488959434982591e-03
3.342621440575125474e-03
3.391668464195476355e-03
3.614847454854928054e-03
3.765823837791640490e-03
3.719532569929753351e-03
3.690781116454542807e-03
3.875378186094384329e-03
4.113242035623319859e-03
4.153089952599493644e-03
4.081997519048529387e-03
4.186364735166467343e-03
4.465716981590843113e-03
4.624731757424174576e-03
4.572437577504482112e-03
4.585831917049052429e-03
4.845303705600509034e-03
5.121036049237696203e-03
5.155590233574621276e-03
5.107178935904872243e-03
5.291779617028607823e-03
5.644177752225264071e-03
5.817412971751587288e-03
5.772034358972676776e-03
5.856189223980324231e-03
6.219432007959746142e-03
6.547484172662401854e-03
6.588431322743111378e-03
6.591710064704933876e-03
6.897473645405567851e-03
7.352496109227950501e-03
7.556261327052054590e-03
7.545710115574371865e-03
7.751230719666396367e-03
8.268782175423200834e-03
8.680085428819865612e-03
8.757303587760903452e-03
8.869538467950261601e-03
9.371393346681623077e-03
9.987724772829361178e-03
1.026412728982240875e-02
1.035221687061160106e-02
1.077956257943599519e-02
1.155255659702385425e-02
1.212102724944087197e-02
1.231315069094972639e-02
1.266212944328838803e-02
1.351911121788697441e-02
1.443315212962819130e-02
1.489998255068356904e-02
1.525193046401248156e-02
1.613683415114445380e-02
1.740910435309762916e-02
1.834348821367015256e-02
1.888737892541070967e-02
1.981897140228383591e-02
2.145144877235027892e-02
2.306297718021024790e-02
2.412008152324111865e-02
2.527337096739745714e-02
2.733795026065023379e-02
2.989504419407322186e-02
3.197598437035817365e-02
3.381126441389999820e-02
3.662355610178307658e-02
4.063436910937635871e-02
4.468238667542057813e-02
4.834171761310804283e-02
5.302484228395608346e-02
5.995224487528626189e-02
6.829091991572956710e-02
7.694701384333083038e-02
8.736521687004776549e-02
1.024437146569271984e-01
1.230305894376849674e-01
1.482145543599848458e-01
1.797053701604338638e-01
2.229688967194668470e-01
2.825710897089451779e-01
3.604936173608918049e-01
4.636086777593334540e-01
6.089200923534960896e-01
8.095509467561267103e-01
1.047464868756670775e+00
1.264750896795393764e+00
1.394585665670393215e+00
1.409928042822552463e+00
1.343184322654470408e+00
1.256916083116656591e+00
1.194810187409919289e+00
1.157691413844811334e+00
1.118388061484295148e+00
1.052292180124785759e+00
9.555252003689521656e-01
8.432251105659830381e-01
7.369605964714524005e-01
6.515989719601952279e-01
5.884065062575659644e-01
5.384396459837704763e-01
4.935950613233178186e-01
4.546445608759479007e-01
4.284140293714092662e-01
4.199714483812667654e-01
4.316746080324941337e-01
4.688046010178442691e-01
5.385533132946047630e-01
6.369688835844287134e-01
7.386596467677130073e-01
8.069142801500212014e-01
8.193956308943398659e-01
7.844691612932201963e-01
7.318733620512613003e-01
6.881552007600186815e-01
6.601200766109387441e-01
6.371923128588903307e-01
6.049554350223049770e-01
5.568649665625283740e-01
4.976729094325874070e-01
4.389485652225880719e-01
3.906452030877314296e-01
3.549589061044220450e-01
3.275016943502561673e-01
3.039224091452224497e-01
2.843488778281779705e-01
2.716443454645051658e-01
2.679622409679038864e-01
2.750768129524551187e-01
2.965278001082007897e-01
3.363597906776544244e-01
3.957161503785923129e-01
4.732587355883170477e-01
5.687255415967535921e-01
6.811470028761729134e-01
7.996045911604372503e-01
8.986319408599858782e-01
9.501338822328310174e-01
9.444428283967074567e-01
8.988588861670533392e-01
8.433893674427378473e-01
7.977694789233410466e-01
7.615014939691828744e-01
7.223301768499016395e-01
6.704764820079293086e-01
6.056603361634181892e-01
5.354313154248966367e-01
4.698762110758352706e-01
4.161929550398217326e-01
3.751785296269543601e-01
3.423591427716599633e-01
3.136438137589529496e-01
2.898565908444182826e-01
2.751220118385903080e-01
2.721000398265394082e-01
2.811406530852578189e-01
3.036150218066382966e-01
3.419704917439689851e-01
3.932380632674817300e-01
4.439078440280588289e-01
4.754642867367046555e-01
4.775643851789752592e-01
4.556500101704175631e-01
4.252819369892576473e-01
3.995259945216245168e-01
3.812658345133212445e-01
3.650331151757764125e-01
3.438152816815104873e-01
3.146108913563332998e-01
2.800252791122693763e-01
2.460738339523662610e-01
2.178737946184214069e-01
1.964090616684036616e-01
1.791756486628122425e-01
1.637701523804191428e-01
1.502769951306421048e-01
1.402469983694906719e-01
1.346670616466936199e-01
1.339854830815988274e-01
1.393714172905046178e-01
1.523454649492883839e-01
1.728796976888846981e-01
1.989114772167894230e-01
2.280262831880328078e-01
2.583628203179734184e-01
2.869444882787585138e-01
3.082718921577678461e-01
3.166898108085523522e-01
3.109633861593068538e-01
2.957759211726286308e-01
2.780573415511886082e-01
2.619680280499004366e-01
2.473096717706811387e-01
2.317045781328489484e-01
2.133974975712656652e-01
1.924783664654176607e-01
1.707121445616381905e-01
1.506345149345348355e-01
1.341237715259101515e-01
1.212591833060806257e-01
1.107425821433470209e-01
1.016620576741802118e-01
9.455776833880577548e-02
9.058067930795005163e-02
9.015599437066532107e-02
9.308525413448856534e-02
9.957445393759364882e-02
1.100246254965643322e-01
1.232581254085217543e-01
1.355658543612294209e-01
1.424638776778464344e-01
1.418095057061715403e-01
1.352061476082294655e-01
1.264671741471220523e-01
1.187835234409118090e-01
1.129668795107230811e-01
1.076926900928651260e-01
1.010777407304086634e-01
9.231608838472661616e-02
8.227240706653654589e-02
7.268841906978636136e-02
6.478025439215495673e-02
5.855187974796672440e-02
5.333420448551447896e-02
4.871171602922932942e-02
4.478320993702056274e-02
4.177997816691948751e-02
3.983091248803630885e-02
3.914644962199807093e-02
4.010272409597234050e-02
4.290664643820456259e-02
4.727200828517767045e-02
5.256339698430444185e-02
5.815820797946021081e-02
6.350405842178583060e-02
6.790938734890578088e-02
7.056317272607778857e-02
7.093587940253844037e-02
6.914400831621131394e-02
6.588868448964027569e-02
6.205083606530979734e-02
5.826519838744532304e-02
5.468458419931107595e-02
5.103109980034130355e-02
4.694895176489140981e-02
4.243201625087451856e-02
3.791713171222941409e-02
3.392150578107319681e-02
3.063237771464073084e-02
2.790646059266777348e-02
2.559437380862937886e-02
2.373021563279014215e-02
2.241617851810687179e-02
2.168200829010063016e-02
2.153915426622243084e-02
2.207169707270428133e-02
2.335051653303594696e-02
2.525325785165907083e-02
2.740040545891192503e-02
2.923896380760264077e-02
3.019967100197053916e-02
2.993577487166809020e-02
2.858834622523489036e-02
2.679210702719719839e-02
2.523210968407582980e-02
2.409493683388777563e-02
2.301308986226283104e-02
2.156970837627570844e-02
1.975161298900146578e-02
1.786151723697598781e-02
1.613851805276176124e-02
1.462375350740405429e-02
1.331966018161945958e-02
1.226989259289501012e-02
1.144548405002269315e-02
1.071947855098898637e-02
1.004815748394678396e-02
9.572114472984127181e-03
9.442812619429761037e-03
9.632236298873423155e-03
1.001688526442016426e-02
1.057042782558896034e-02
1.132498513342227592e-02
1.217026832856532743e-02
1.285595290035860226e-02
1.323120525396449462e-02
1.335031146544074163e-02
1.328780126349092712e-02
1.298793121061628947e-02
1.240602563915610933e-02
1.168825533273953714e-02
1.104850277774940479e-02
1.050350338466253530e-02
9.886388583137957486e-03
9.126801155797108211e-03
8.362773386249543195e-03
7.728292169563413978e-03
7.177739905204351401e-03
6.619236224454367115e-03
6.105474312623355646e-03
5.753064595649750451e-03
5.539545003490456941e-03
5.337739474394569833e-03
5.136470856286419126e-03
5.070896808254136447e-03
5.203238261878381614e-03
5.416898062475002454e-03
5.594832352701696078e-03
5.771209798059813781e-03
5.995313774846977757e-03
6.149527253262760708e-03
6.062048799925479591e-03
5.763395770057628056e-03
5.470509127819950940e-03
5.301957683404063745e-03
5.154626163200148534e-03
4.909365619375386652e-03
4.616413544940556855e-03
4.379801739822995407e-03
4.171020485585677680e-03
3.896943309829899518e-03
3.591831934186712552e-03
3.387144980733898091e-03
3.299243662791844292e-03
3.196916076308875185e-03
3.013827753914937162e-03
2.855968035496662862e-03
2.825837454960152765e-03
2.857650067243615831e-03
2.836208486885147435e-03
2.793855002182083977e-03
2.850718862239480251e-03
2.998823117121252654e-03
3.095339199407894613e-03
3.079304275489433505e-03
3.051687056818947093e-03
3.089668716186190055e-03
