1.250000000000000000e+04
1.253006012024048141e+04
1.256012024048096282e+04
1.259018036072144241e+04
1.262024048096192382e+04
1.265030060120240523e+04
1.268036072144288664e+04
1.271042084168336623e+04
1.274048096192384764e+04
1.277054108216432905e+04
1.280060120240481046e+04
1.283066132264529006e+04
1.286072144288577147e+04
1.289078156312625288e+04
1.292084168336673429e+04
1.295090180360721388e+04
1.298096192384769529e+04
1.301102204408817670e+04
1.304108216432865811e+04
1.307114228456913770e+04
1.310120240480961911e+04
1.313126252505010052e+04
1.316132264529058193e+04
1.319138276553106152e+04
1.322144288577154293e+04
1.325150300601202434e+04
1.328156312625250575e+04
1.331162324649298534e+04
1.334168336673346676e+04
1.337174348697394817e+04
1.340180360721442958e+04
1.343186372745490917e+04
1.346192384769539058e+04
1.349198396793587199e+04
1.352204408817635340e+04
1.355210420841683299e+04
1.358216432865731440e+04
1.361222444889779581e+04
1.364228456913827722e+04
1.367234468937875681e+04
1.370240480961923822e+04
1.373246492985971963e+04
1.376252505010020104e+04
1.379258517034068063e+04
1.382264529058116204e+04
1.385270541082164345e+04
1.388276553106212486e+04
1.391282565130260446e+04
1.394288577154308587e+04
1.397294589178356728e+04
1.400300601202404869e+04
1.403306613226452828e+04
1.406312625250500969e+04
1.409318637274549110e+04
1.412324649298597251e+04
1.415330661322645392e+04
1.418336673346693351e+04
1.421342685370741492e+04
1.424348697394789633e+04
1.427354709418837592e+04
1.430360721442885733e+04
1.433366733466933874e+04
1.436372745490982015e+04
1.439378757515030156e+04
1.442384769539078115e+04
1.445390781563126257e+04
1.448396793587174398e+04
1.451402805611222357e+04
1.454408817635270498e+04
1.457414829659318639e+04
1.460420841683366780e+04
1.463426853707414921e+04
1.466432865731462880e+04
1.469438877755511021e+04
1.472444889779559162e+04
1.475450901803607121e+04
1.478456913827655262e+04
1.481462925851703403e+04
1.484468937875751544e+04
1.487474949899799685e+04
1.490480961923847644e+04
1.493486973947895785e+04
1.496492985971943926e+04
1.499498997995991886e+04
1.502505010020040027e+04
1.505511022044088168e+04
1.508517034068136309e+04
1.511523046092184450e+04
1.514529058116232409e+04
1.517535070140280550e+04
1.520541082164328691e+04
1.523547094188376650e+04
1.526553106212424791e+04
1.529559118236472932e+04
1.532565130260521073e+04
1.535571142284569214e+04
1.538577154308617173e+04
1.541583166332665314e+04
1.544589178356713455e+04
1.547595190380761596e+04
1.550601202404809737e+04
1.553607214428857696e+04
1.556613226452905838e+04
1.559619238476953979e+04
1.562625250501001938e+04
1.565631262525050079e+04
1.568637274549098220e+04
1.571643286573146361e+04
1.574649298597194502e+04
1.577655310621242461e+04
1.580661322645290602e+04
1.583667334669338743e+04
1.586673346693386702e+04
1.589679358717434843e+04
1.592685370741482984e+04
1.595691382765531125e+04
1.598697394789579266e+04
1.601703406813627225e+04
1.604709418837675366e+04
1.607715430861723507e+04
1.610721442885771467e+04
1.613727454909819608e+04
1.616733466933867749e+04
1.619739478957915890e+04
1.622745490981964031e+04
1.625751503006011990e+04
1.628757515030060131e+04
1.631763527054108272e+04
1.634769539078156231e+04
1.637775551102204372e+04
1.640781563126252513e+04
1.643787575150300472e+04
1.646793587174348795e+04
1.649799599198396754e+04
1.652805611222444713e+04
1.655811623246493036e+04
1.658817635270540995e+04
1.661823647294589318e+04
1.664829659318637277e+04
1.667835671342685237e+04
1.670841683366733560e+04
1.673847695390781519e+04
1.676853707414829842e+04
1.679859719438877801e+04
1.682865731462925760e+04
1.685871743486974083e+04
1.688877755511022042e+04
1.691883767535070365e+04
1.694889779559118324e+04
1.697895791583166283e+04
1.700901803607214242e+04
1.703907815631262565e+04
1.706913827655310524e+04
1.709919839679358847e+04
1.712925851703406806e+04
1.715931863727454765e+04
1.718937875751503088e+04
1.721943887775551048e+04
1.724949899799599370e+04
1.727955911823647330e+04
1.730961923847695289e+04
1.733967935871743612e+04
1.736973947895791571e+04
1.739979959919839894e+04
1.742985971943887853e+04
1.745991983967935812e+04
1.748997995991983771e+04
1.752004008016032094e+04
1.755010020040080053e+04
1.758016032064128376e+04
1.761022044088176335e+04
1.764028056112224294e+04
1.767034068136272617e+04
1.770040080160320576e+04
1.773046092184368899e+04
1.776052104208416858e+04
1.779058116232464818e+04
1.782064128256513141e+04
1.785070140280561100e+04
1.788076152304609423e+04
1.791082164328657382e+04
1.794088176352705341e+04
1.797094188376753300e+04
1.800100200400801623e+04
1.803106212424849582e+04
1.806112224448897905e+04
1.809118236472945864e+04
1.812124248496993823e+04
1.815130260521042146e+04
1.818136272545090105e+04
1.821142284569138428e+04
1.824148296593186387e+04
1.827154308617234346e+04
1.830160320641282669e+04
1.833166332665330629e+04
1.836172344689378951e+04
1.839178356713426911e+04
1.842184368737474870e+04
1.845190380761523193e+04
1.848196392785571152e+04
1.851202404809619475e+04
1.854208416833667434e+04
1.857214428857715393e+04
1.860220440881763352e+04
1.863226452905811675e+04
1.866232464929859634e+04
1.869238476953907957e+04
1.872244488977955916e+04
1.875250501002003875e+04
1.878256513026052198e+04
1.881262525050100157e+04
1.884268537074148480e+04
1.887274549098196439e+04
1.890280561122244399e+04
1.893286573146292722e+04
1.896292585170340681e+04
1.899298597194389004e+04
1.902304609218436963e+04
1.905310621242484922e+04
1.908316633266532881e+04
1.911322645290581204e+04
1.914328657314629163e+04
1.917334669338677486e+04
1.920340681362725445e+04
1.923346693386773404e+04
1.926352705410821727e+04
1.929358717434869686e+04
1.932364729458918009e+04
1.935370741482965968e+04
1.938376753507013927e+04
1.941382765531062250e+04
1.944388777555110210e+04
1.947394789579158532e+04
1.950400801603206492e+04
1.953406813627254451e+04
1.956412825651302410e+04
1.959418837675350733e+04
1.962424849699398692e+04
1.965430861723447015e+04
1.968436873747494974e+04
1.971442885771542933e+04
1.974448897795591256e+04
1.977454909819639215e+04
1.980460921843687538e+04
1.983466933867735497e+04
1.986472945891783456e+04
1.989478957915831779e+04
1.992484969939879738e+04
1.995490981963928061e+04
1.998496993987976020e+04
2.001503006012023980e+04
2.004509018036071939e+04
2.007515030060120262e+04
2.010521042084168221e+04
2.013527054108216544e+04
2.016533066132264503e+04
2.019539078156312462e+04
2.022545090180360785e+04
2.025551102204408744e+04
2.028557114228457067e+04
2.031563126252505026e+04
2.034569138276552985e+04
2.037575150300601308e+04
2.040581162324649267e+04
2.043587174348697590e+04
2.046593186372745549e+04
2.049599198396793508e+04
2.052605210420841831e+04
2.055611222444889790e+04
2.058617234468938113e+04
2.061623246492986073e+04
2.064629258517034032e+04
2.067635270541081991e+04
2.070641282565130314e+04
2.073647294589178637e+04
2.076653306613226596e+04
2.079659318637274555e+04
2.082665330661322514e+04
2.085671342685370837e+04
2.088677354709418796e+04
2.091683366733467119e+04
2.094689378757515078e+04
2.097695390781563037e+04
2.100701402805610996e+04
2.103707414829659319e+04
2.106713426853707642e+04
2.109719438877755601e+04
2.112725450901803561e+04
2.115731462925851520e+04
2.118737474949899843e+04
2.121743486973948166e+04
2.124749498997996125e+04
2.127755511022044084e+04
2.130761523046092043e+04
2.133767535070140366e+04
2.136773547094188325e+04
2.139779559118236648e+04
2.142785571142284607e+04
2.145791583166332566e+04
2.148797595190380525e+04
2.151803607214428848e+04
2.154809619238477171e+04
2.157815631262525130e+04
2.160821643286573089e+04
2.163827655310621049e+04
2.166833667334669371e+04
2.169839679358717694e+04
2.172845691382765654e+04
2.175851703406813613e+04
2.178857715430861572e+04
2.181863727454909895e+04
2.184869739478957854e+04
2.187875751503006177e+04
2.190881763527054136e+04
2.193887775551102095e+04
2.196893787575150054e+04
2.199899799599198377e+04
2.202905811623246700e+04
2.205911823647294659e+04
2.208917835671342618e+04
2.211923847695390577e+04
2.214929859719438900e+04
2.217935871743487223e+04
2.220941883767535182e+04
2.223947895791583142e+04
2.226953907815631101e+04
2.229959919839679424e+04
2.232965931863727747e+04
2.235971943887775706e+04
2.238977955911823665e+04
2.241983967935871624e+04
2.244989979959919947e+04
2.247995991983967906e+04
2.251002004008016229e+04
2.254008016032064188e+04
2.257014028056112147e+04
2.260020040080160106e+04
2.263026052104208429e+04
2.266032064128256752e+04
2.269038076152304711e+04
2.272044088176352670e+04
2.275050100200400630e+04
2.278056112224448952e+04
2.281062124248497275e+04
2.284068136272545235e+04
2.287074148296593194e+04
2.290080160320641153e+04
2.293086172344689476e+04
2.296092184368737435e+04
2.299098196392785758e+04
2.302104208416833717e+04
2.305110220440881676e+04
2.308116232464929635e+04
2.311122244488977958e+04
2.314128256513026281e+04
2.317134268537074240e+04
2.320140280561122199e+04
2.323146292585170158e+04
2.326152304609218481e+04
2.329158316633266804e+04
2.332164328657314763e+04
2.335170340681362723e+04
2.338176352705410682e+04
2.341182364729459005e+04
2.344188376753506964e+04
2.347194388777555287e+04
2.350200400801603246e+04
2.353206412825651205e+04
2.356212424849699164e+04
2.359218436873747487e+04
2.362224448897795810e+04
2.365230460921843769e+04
2.368236472945891728e+04
2.371242484969939687e+04
2.374248496993988010e+04
2.377254509018036333e+04
2.380260521042084292e+04
2.383266533066132251e+04
2.386272545090180211e+04
2.389278557114228533e+04
2.392284569138276493e+04
2.395290581162324816e+04
2.398296593186372775e+04
2.401302605210420734e+04
2.404308617234469057e+04
2.407314629258517016e+04
2.410320641282565339e+04
2.413326653306613298e+04
2.416332665330661257e+04
2.419338677354709216e+04
2.422344689378757539e+04
2.425350701402805862e+04
2.428356713426853821e+04
2.431362725450901780e+04
2.434368737474949739e+04
2.437374749498998062e+04
2.440380761523046385e+04
2.443386773547094344e+04
2.446392785571142304e+04
2.449398797595190263e+04
2.452404809619238586e+04
2.455410821643286545e+04
2.458416833667334868e+04
2.461422845691382827e+04
2.464428857715430786e+04
2.467434869739478745e+04
2.470440881763527068e+04
2.473446893787575391e+04
2.476452905811623350e+04
2.479458917835671309e+04
2.482464929859719268e+04
2.485470941883767591e+04
2.488476953907815914e+04
2.491482965931863873e+04
2.494488977955911832e+04
2.497494989979959792e+04
2.500501002004008114e+04
2.503507014028056074e+04
2.506513026052104397e+04
2.509519038076152356e+04
2.512525050100200315e+04
2.515531062124248274e+04
2.518537074148296597e+04
2.521543086172344920e+04
2.524549098196392879e+04
2.527555110220440838e+04
2.530561122244488797e+04
2.533567134268537120e+04
2.536573146292585443e+04
2.539579158316633402e+04
2.542585170340681361e+04
2.545591182364729320e+04
2.548597194388777643e+04
2.551603206412825602e+04
2.554609218436873925e+04
2.557615230460921885e+04
2.560621242484969844e+04
2.563627254509017803e+04
2.566633266533066126e+04
2.569639278557114449e+04
2.572645290581162408e+04
2.575651302605210367e+04
2.578657314629258326e+04
2.581663326653306649e+04
2.584669338677354972e+04
2.587675350701402931e+04
2.590681362725450890e+04
2.593687374749498849e+04
2.596693386773547172e+04
2.599699398797595495e+04
2.602705410821643454e+04
2.605711422845691413e+04
2.608717434869739373e+04
2.611723446893787695e+04
2.614729458917835655e+04
2.617735470941883978e+04
2.620741482965931937e+04
2.623747494989979896e+04
2.626753507014027855e+04
2.629759519038076178e+04
2.632765531062124501e+04
2.635771543086172460e+04
2.638777555110220419e+04
2.641783567134268378e+04
2.644789579158316701e+04
2.647795591182365024e+04
2.650801603206412983e+04
2.653807615230460942e+04
2.656813627254508901e+04
2.659819639278557224e+04
2.662825651302605183e+04
2.665831663326653506e+04
2.668837675350701466e+04
2.671843687374749425e+04
2.674849699398797384e+04
2.677855711422845707e+04
2.680861723446894030e+04
2.683867735470941989e+04
2.686873747494989948e+04
2.689879759519037907e+04
2.692885771543086230e+04
2.695891783567134553e+04
2.698897795591182512e+04
2.701903807615230471e+04
2.704909819639278430e+04
2.707915831663326753e+04
2.710921843687374712e+04
2.713927855711423035e+04
2.716933867735470994e+04
2.719939879759518954e+04
2.722945891783566913e+04
2.725951903807615236e+04
2.728957915831663558e+04
2.731963927855711518e+04
2.734969939879759477e+04
2.737975951903807436e+04
2.740981963927855759e+04
2.743987975951904082e+04
2.746993987975952041e+04
2.750000000000000000e+04
