1.077978110742300148e-02
1.109683642839251819e-02
1.170745446641119868e-02
1.260939052402182577e-02
1.376192809544564064e-02
1.512885407103093695e-02
1.676172272187882728e-02
1.875690295308979696e-02
2.108639313498354012e-02
2.352400354114284400e-02
2.580426435062386017e-02
2.784969575281550508e-02
2.980641114558726240e-02
3.185698304438655537e-02
3.400319068591494548e-02
3.598316847678978414e-02
3.734860205083660734e-02
3.766412028638344012e-02
3.674455091426435255e-02
3.476490923664767030e-02
3.213045639532480235e-02
2.923935167559133658e-02
2.639923319017197303e-02
2.392896669736708018e-02
2.219372156390769443e-02
2.143716121794480775e-02
2.163121123379204563e-02
2.258110160609327899e-02
2.414380005030972512e-02
2.625604274979211408e-02
2.881188769642530415e-02
3.171010054257274169e-02
3.508918996765297837e-02
3.933170125443275628e-02
4.461926082847533087e-02
5.048053577319709662e-02
5.594533625822828427e-02
6.028277955124083237e-02
6.364248600212749074e-02
6.698456846841784051e-02
7.128444397853024583e-02
7.653055718252356476e-02
8.125664678744055902e-02
8.318256987477544440e-02
8.078200873084651068e-02
7.458769771379483715e-02
6.694994717282773400e-02
6.036440600612835716e-02
5.601151085273714525e-02
5.384174815342854942e-02
5.364748083639060694e-02
5.554771269133971373e-02
5.948037980617635473e-02
6.484962529909241158e-02
7.113193222227724710e-02
7.863088785347403797e-02
8.819833718834249603e-02
1.001498646937045572e-01
1.136593110042962290e-01
1.272083402396846363e-01
1.394841489780053456e-01
1.500591626424759573e-01
1.596788350770716736e-01
1.698447230226340920e-01
1.813164244043657114e-01
1.923778227981650379e-01
1.989285022616152088e-01
1.971665493533405478e-01
1.865620542154492467e-01
1.700323345923434037e-01
1.513381850304876264e-01
1.328554208910381895e-01
1.158380899939126241e-01
1.017268711343601584e-01
9.209620957511617523e-02
8.746981319810838429e-02
8.709383535775211405e-02
9.007597158470570520e-02
9.607850995843175701e-02
1.046700351661980638e-01
1.148669501822924682e-01
1.261717076514803082e-01
1.397404437830735702e-01
1.575192600057502279e-01
1.797960798205169852e-01
2.039130608832083469e-01
2.257034704455841978e-01
2.424131531945875884e-01
2.548269810192365648e-01
2.671091558225089369e-01
2.838356121239095087e-01
3.052413127861536291e-01
3.243264742909789944e-01
3.299746177457060226e-01
3.153148662411790482e-01
2.840665603705423425e-01
2.481697217417532242e-01
2.188919674447397379e-01
2.005583233975042345e-01
1.921308653998772265e-01
1.922667886357013467e-01
2.008428850956137657e-01
2.167071281764490487e-01
2.370042847290291244e-01
2.601292466430351058e-01
2.881177068038657252e-01
3.246498286314479786e-01
3.706953775378570848e-01
4.224253203702765247e-01
4.728333563998791123e-01
5.153875782417391971e-01
5.481058687226438852e-01
5.760934995346056464e-01
6.087418132655681990e-01
6.502738735760602573e-01
6.907475712518258426e-01
7.085988168717664015e-01
6.859865653123327078e-01
6.233455397162095402e-01
5.386417414049350372e-01
4.529881483438096268e-01
3.781604029903477548e-01
3.165033635381496735e-01
2.680308381851152499e-01
2.338780899749610953e-01
2.141399434491753073e-01
2.063255116939190226e-01
2.074424060673613901e-01
2.158957937927275528e-01
2.303609028366500611e-01
2.486487962108720196e-01
2.697114483426638065e-01
2.960346335439839049e-01
3.317083324238818687e-01
3.770947943106943701e-01
4.260336011241174781e-01
4.690458117187413789e-01
4.999989093300699627e-01
5.211552019408415282e-01
5.427335644149918759e-01
5.754614338353518654e-01
6.191565761093984488e-01
6.566908056296835161e-01
6.625126268121647177e-01
6.223610462966085999e-01
5.467590395174595219e-01
4.641113096529518867e-01
3.998857280624446564e-01
3.627074423830756733e-01
3.483418717818536625e-01
3.515136057014022763e-01
3.701635981819467180e-01
4.012335583558981900e-01
4.389945177244881647e-01
4.806262534204549519e-01
5.310107740344185423e-01
5.986680576810835541e-01
6.861119835712529147e-01
7.842147610851897266e-01
8.753880506756974711e-01
9.435633972141468373e-01
9.859718154776225818e-01
1.018844840636858651e+00
1.067590289136971737e+00
1.141783522895909231e+00
1.214695300919163667e+00
1.232574390497612082e+00
1.153902095239418335e+00
9.850540910382182824e-01
7.773844178060738130e-01
5.886254653631207701e-01
4.467135954870634085e-01
3.465605915697798078e-01
2.721793958495482557e-01
2.147485452582295617e-01
1.722631128633466402e-01
1.417102007507074768e-01
1.179705525920077547e-01
9.830482049776971543e-02
8.328135762955472809e-02
7.295755042563768777e-02
6.502188733875009785e-02
5.744343544894557618e-02
5.067673928688159329e-02
4.590037413795926974e-02
4.254371673764625189e-02
3.906837423423659139e-02
3.530325951885102120e-02
3.237205333097802062e-02
3.058098829948141875e-02
2.888435786999433638e-02
2.662625607445074857e-02
2.450514600504300269e-02
2.325751252577753711e-02
2.240253904165452267e-02
2.109030916833047956e-02
1.949505558886518303e-02
1.842728886956935749e-02
1.793198992697179681e-02
1.724722891288589868e-02
1.609762553989313796e-02
1.510451340620203725e-02
1.469269035347789236e-02
1.438922454914913669e-02
1.364827868760060126e-02
1.275108774243168160e-02
1.228876551336226253e-02
1.216020796236047877e-02
1.176943311284290618e-02
1.103414472136999072e-02
1.049357051483006120e-02
1.038013317720330904e-02
1.024377484798559383e-02
9.727208253408265934e-03
9.153339410376068117e-03
8.957055978614443179e-03
8.954706635316963745e-03
8.672575661507222339e-03
8.145220430185241486e-03
7.836796257651289233e-03
7.850114219492290712e-03
7.767134013824430507e-03
7.363236293814507012e-03
6.973809742347714634e-03
6.914561305854784699e-03
6.954523999645675914e-03
6.718581915863076730e-03
6.317344717208705530e-03
6.146313353375677281e-03
6.215955764271081756e-03
6.145335336605209885e-03
5.809497720081453938e-03
5.540090797926654556e-03
5.557486703968766463e-03
5.605193058913826576e-03
5.391420407659235428e-03
5.077379393631510120e-03
4.995104145022961732e-03
5.087337650232412120e-03
5.013122783810134916e-03
4.725050826292239228e-03
4.540812192927539369e-03
4.602298024490496763e-03
4.642237431433226397e-03
4.441099115874137977e-03
4.193116934595415152e-03
4.171231090018286299e-03
4.268157102052034212e-03
4.184475659321951202e-03
3.934091617904615298e-03
3.813814750929586314e-03
3.899940133024111001e-03
3.925067761730605641e-03
3.733161410982466406e-03
3.538444609194716772e-03
3.558697190295859788e-03
3.650176970196044365e-03
3.555653866586902696e-03
3.337601478612902284e-03
3.267089597185035294e-03
3.365309985881545160e-03
3.372758232665356171e-03
3.189459696670558873e-03
3.039479988766623144e-03
3.089187989000341875e-03
3.169293678308978107e-03
3.064698226198394899e-03
2.875924763220938894e-03
2.844890561157441353e-03
2.946654490368782846e-03
2.935796220389221261e-03
2.761761390902361859e-03
2.650304547853099286e-03
2.720110038671966646e-03
2.785405871157149802e-03
2.672560831026109078e-03
2.511151144369589295e-03
2.511640202116293633e-03
2.610899709074381968e-03
2.582392326949224833e-03
2.418829048631611269e-03
2.340988380392943283e-03
2.423668832373708504e-03
2.472310072083985181e-03
2.353542416316253306e-03
2.218116207516381694e-03
2.243653636544952566e-03
2.336049168814296074e-03
2.291323983971864549e-03
2.139612653735749933e-03
2.091241034712139173e-03
2.181042034550926580e-03
2.212268427434890741e-03
2.090110881669497885e-03
1.979495219313010413e-03
2.024602872649695906e-03
2.106990924718974128e-03
2.047958609079649026e-03
1.909442798816021487e-03
1.886844231029793104e-03
1.979088502866864843e-03
1.992919780492571295e-03
1.869936057934566643e-03
1.782982409734728798e-03
1.842897948060651060e-03
1.913062484362436973e-03
1.841929235246617070e-03
1.717795058194526497e-03
1.717549286133732882e-03
1.808399297248413631e-03
1.805439092249596245e-03
1.684113840304841004e-03
1.619596068580901214e-03
1.690107423301208693e-03
1.746573912455233512e-03
1.665717064341245375e-03
1.556922134716504308e-03
1.575787049918828120e-03
1.662096153056186057e-03
1.643396231302583083e-03
1.526061016608703342e-03
1.482621549555353637e-03
1.559969774060161697e-03
1.601878138803847912e-03
1.513755210651540790e-03
1.420987416024562747e-03
1.455848860196939758e-03
1.535064663619389305e-03
1.502023703971255538e-03
1.390804614268840262e-03
1.366930924952581032e-03
1.447754506791523775e-03
1.474766444129101302e-03
1.381844029045702603e-03
1.305499686569837770e-03
1.353351016172019052e-03
1.423449805848671238e-03
1.377732493766693116e-03
1.274511937748521720e-03
1.268533051152566414e-03
1.349837524062930203e-03
1.362063946398655570e-03
1.266759237977916133e-03
1.206934894395729789e-03
1.264875528576358188e-03
1.324314935583274745e-03
1.267783373687880744e-03
1.174172213929568958e-03
1.184268978189487349e-03
1.263411720405563203e-03
1.261351861079007975e-03
1.165983013697935141e-03
1.122477563063958069e-03
1.187723586600279322e-03
1.235405532249344391e-03
1.170058476953880983e-03
1.087376469285862264e-03
1.111601524586855547e-03
1.186285178114060207e-03
1.170772299843341824e-03
1.077515679073664948e-03
1.049840731766152249e-03
1.119742874728629116e-03
1.154981744566823147e-03
1.082899213712199210e-03
1.012162677345513706e-03
1.048467293934392643e-03
1.116737411910418342e-03
1.088888121542809116e-03
9.997415278237315080e-04
9.871386195050768295e-04
1.059204305591988568e-03
1.081697136030325196e-03
1.004989143999478326e-03
9.469052635317425992e-04
9.931709379210203973e-04
1.053414856066693141e-03
1.014580326906467126e-03
9.313318374480969572e-04
9.327953980261410611e-04
1.004712426172087907e-03
1.014509083958979553e-03
9.352679918364584927e-04
8.902353690432399406e-04
9.443084977341068996e-04
9.952533546963302294e-04
9.469715961950637062e-04
8.711739625793373529e-04
8.854791217349684568e-04
9.551391305450225230e-04
9.526112759401903114e-04
8.728676843502847097e-04
8.409828294314965679e-04
9.007110500052511364e-04
9.414195319916919980e-04
8.853683993536913760e-04
8.183190700029421057e-04
8.440534390199478819e-04
9.095737193648541436e-04
8.953819119503880330e-04
8.170642811520512343e-04
7.981337241071176066e-04
8.614026963460779578e-04
8.912655588250451835e-04
8.292165627185313012e-04
7.719434325704669459e-04
8.075420182256683307e-04
8.672845542426283133e-04
8.423432698511837792e-04
7.672415889745432850e-04
7.607992390679716279e-04
8.255687753192600137e-04
8.442935602460789959e-04
7.780667794327906627e-04
7.313197410457390095e-04
7.751021429662201950e-04
8.276890158373529640e-04
7.931296442698432606e-04
7.228635278980172045e-04
7.281928352018351112e-04
7.925314036228457227e-04
8.001270613731744242e-04
7.315476154434066673e-04
6.957959195367444116e-04
7.460049537497205662e-04
7.903294593046487730e-04
7.474615760107261413e-04
6.834531661943173044e-04
6.996135579931442826e-04
7.617302886974585850e-04
7.584876514628010940e-04
6.893442803018497026e-04
6.647796247083580679e-04
7.196205126458560209e-04
7.548535367355482502e-04
7.051249064165161784e-04
6.485769179635501088e-04
6.744339035225014982e-04
7.327073338546823741e-04
7.191755848221905237e-04
6.511819212494607484e-04
6.377270858813545874e-04
6.954063556209336095e-04
7.209977278114771239e-04
6.659536160311837994e-04
6.178327938982767793e-04
6.520910600053802641e-04
7.050939653845064454e-04
6.820534131595415829e-04
6.168125358528335706e-04
6.141352752990286105e-04
6.728985435981290827e-04
6.885732538598241621e-04
6.298157020970884075e-04
5.908418704656960953e-04
6.320806314811069134e-04
6.786004040628642372e-04
6.470320090062963271e-04
5.860048321353927055e-04
5.935366327344580124e-04
6.517044739251670344e-04
6.574537901107523324e-04
5.966015556292261031e-04
5.672423354254773524e-04
6.139521582996752000e-04
6.530063171708679406e-04
6.140585279844584625e-04
5.585365278445265447e-04
5.754957371624985557e-04
6.314968987305511882e-04
6.275645647358035284e-04
5.662144431792151111e-04
5.466856038973225444e-04
5.973059026302849836e-04
6.281524453541168515e-04
5.831059917454970267e-04
5.341886941588043329e-04
5.596074414824851696e-04
6.120087354807313704e-04
5.988725602781291976e-04
5.385627991738874652e-04
5.288340966534896270e-04
5.817904831640251717e-04
6.039329174020085849e-04
5.541642687538006831e-04
5.127418284839920654e-04
5.454960781893960619e-04
5.930283614317425006e-04
5.713776262787710050e-04
5.135541044756165765e-04
5.133603429442782588e-04
5.671010326753731260e-04
5.802880561237862668e-04
5.272322972630603954e-04
4.939733962478649052e-04
5.328154141506864696e-04
5.743951665930933839e-04
5.451043802236141267e-04
4.910901743293037214e-04
4.999471222353476466e-04
