1.231179265399663987e-14 5.941633034360438948e-14 5.281629982629096653e-13 1.686125698614424761e-12
8.867272278909301786e-15 5.427194994548129378e-14 5.360877493803228790e-13 1.717801098675077631e-12
1.022262424342434468e-14 5.821709528097117864e-14 5.614165303345702241e-13 1.776852185747742573e-12
1.471850618890200197e-14 6.724862986341866557e-14 5.832008071694815692e-13 1.832274085260589199e-12
1.522059827858880670e-14 6.848153641034647554e-14 5.862532058928231531e-13 1.859677822499201540e-12
1.119104074161239656e-14 6.199432468595873372e-14 5.875948998337914499e-13 1.883672825960173933e-12
9.897312216300106951e-15 6.124695796818168937e-14 6.084927734735483946e-13 1.937583384230111262e-12
1.421102517399944293e-14 7.043860094874281625e-14 6.379839286806970673e-13 2.006407240667107101e-12
1.746787170185217448e-14 7.687221851460562049e-14 6.504201533027678555e-13 2.050653514135802531e-12
1.455517549019379394e-14 7.213448011743779144e-14 6.490852474991366473e-13 2.073435315570133167e-12
1.079716129466059996e-14 6.679190914067836244e-14 6.617859055903846619e-13 2.116987538201707292e-12
1.321851390287703921e-14 7.297909786688837458e-14 6.939658681877321158e-13 2.191574265215432566e-12
1.850057960127119554e-14 8.353717475009414156e-14 7.183779127290179793e-13 2.256463486101501181e-12
1.826252753503043368e-14 8.353740539898661979e-14 7.206900873312873474e-13 2.288022586619152873e-12
1.330141782399522816e-14 7.570149907985424073e-14 7.247755348274169187e-13 2.321268235211179992e-12
1.261241814965992313e-14 7.646708398199819034e-14 7.532004403416760125e-13 2.392072843486736189e-12
1.822455620372840943e-14 8.822398907879206761e-14 7.882685216792754432e-13 2.475398061992263198e-12
2.140039166923838589e-14 9.458896325755013055e-14 8.008296311344692840e-13 2.525900638580910930e-12
1.724569680374979741e-14 8.786242764500481341e-14 8.000841023813019299e-13 2.555315755355269503e-12
1.331997179428838420e-14 8.268918165087767368e-14 8.193899621165559274e-13 2.614758638005727320e-12
1.713340203290911384e-14 9.176062880744134906e-14 8.597915378241099968e-13 2.708344669779684987e-12
2.318730793695269232e-14 1.038362781709576979e-13 8.868445736738927601e-13 2.784120215255486221e-12
2.189770199702104395e-14 1.021034066878337932e-13 8.885178022941571327e-13 2.821302770601929242e-12
1.595539477104017921e-14 9.294707431747258500e-14 8.969419615017807470e-13 2.867555677950497788e-12
1.621767251751248357e-14 9.594367492546924878e-14 9.349250310825844753e-13 2.959835863792793705e-12
2.332940310110615046e-14 1.106582383919032646e-13 9.762287351248791584e-13 3.060261795988186103e-12
2.616507321691868485e-14 1.165262645034605217e-13 9.887266082525733936e-13 3.118269301125738086e-12
2.051451582961457071e-14 1.074656658003118836e-13 9.895981842832556595e-13 3.157358394962577176e-12
1.665215729082987387e-14 1.030087057136433279e-13 1.017868846030799606e-12 3.237881162206756594e-12
2.224063051471818671e-14 1.157181710244027803e-13 1.068064797783562823e-12 3.354638160269443745e-12
2.899173969631122693e-14 1.292043499055781022e-13 1.097742912573708326e-12 3.443067152257783585e-12
2.627089665953465803e-14 1.251447591254709070e-13 1.099133344008753540e-12 3.488105861578357827e-12
1.935026593308871103e-14 1.148265790236926789e-13 1.114097383366844622e-12 3.552445469225381550e-12
2.101103645072501502e-14 1.209722587036500167e-13 1.164109464281006967e-12 3.671898542513551890e-12
2.981347258295492543e-14 1.390270704635353235e-13 1.212341970409354588e-12 3.792537295342406858e-12
3.195353602087178880e-14 1.438206825067535958e-13 1.224683582584374640e-12 3.859882530271085821e-12
2.454559188919805051e-14 1.321087402138792293e-13 1.228758700203786085e-12 3.912978423870776137e-12
2.108999794723790798e-14 1.291494841973537144e-13 1.269019623316515559e-12 4.021273213152213865e-12
2.889532383774202571e-14 1.463689019603499017e-13 1.330817355109195622e-12 4.166259245039579652e-12
3.618480234258201134e-14 1.610244339742364101e-13 1.363107127487345018e-12 4.269632098888947252e-12
3.157887096635642438e-14 1.539528647877505724e-13 1.364972055953444002e-12 4.325871950143742361e-12
2.376283257418511295e-14 1.428215620444813298e-13 1.389474893876462035e-12 4.415126428768605331e-12
2.738977080238974446e-14 1.532747483828216165e-13 1.454519191820170753e-12 4.568854357028457893e-12
3.804610924670606811e-14 1.750158916227807030e-13 1.510427345424479262e-12 4.713511025711647515e-12
3.901680145738515231e-14 1.779809448516196967e-13 1.522721054288942178e-12 4.792919047634903620e-12
2.959880946420691745e-14 1.633723019718870841e-13 1.532365164424440034e-12 4.866132216918591685e-12
2.703966182544427791e-14 1.629961784941370751e-13 1.588482118838188565e-12 5.010825599469710029e-12
3.756174123754386759e-14 1.857193315085197988e-13 1.663971041532648284e-12 5.190234472738774111e-12
4.511603889354601137e-14 2.011247021792651742e-13 1.698923641157424390e-12 5.311633760354740006e-12
3.809348544732273910e-14 1.902748411210744087e-13 1.702631606240437849e-12 5.384023499940394846e-12
2.958219034121437122e-14 1.789498976669441532e-13 1.740723270732627878e-12 5.507340165853238672e-12
3.588589162000147393e-14 1.951566528208129479e-13 1.824456890595719306e-12 5.704238307539694904e-12
4.850616459258955669e-14 2.208571389014015466e-13 1.888883459116714876e-12 5.877683523185654924e-12
4.769009243798624538e-14 2.210349090252650178e-13 1.901604729584113177e-12 5.973225571255629486e-12
3.604371012495641749e-14 2.034212183599851513e-13 1.920264217491977388e-12 6.075110993230652874e-12
3.505974349502184255e-14 2.071060990418080274e-13 1.997172071253325045e-12 6.267341963086775342e-12
4.885168477588734405e-14 2.364479888962933611e-13 2.088796378722475197e-12 6.488859608696401863e-12
5.624371378578918423e-14 2.519518853262014407e-13 2.126638308134028594e-12 6.632570063146091789e-12
4.619598934337407879e-14 2.365012689887315518e-13 2.134470854458344748e-12 6.728359359427653956e-12
3.735703288981957232e-14 2.259817639228310745e-13 2.191592062081537824e-12 6.897978347143690732e-12
4.721631530055543745e-14 2.497315253458733341e-13 2.298490922366272240e-12 7.149270284659485257e-12
6.182220944365596178e-14 2.795422641470738486e-13 2.372456348045514065e-12 7.357654599628648498e-12
5.842974937770673817e-14 2.757436986090946486e-13 2.386702501918110820e-12 7.475416432420857828e-12
4.440917659821362780e-14 2.552489256714405708e-13 2.419322247963283343e-12 7.617898267428563314e-12
4.592227839790717875e-14 2.649785242963189115e-13 2.523331553813092596e-12 7.872106525358151111e-12
6.357934025347547126e-14 3.021687304780262097e-13 2.634005532457117075e-12 8.145430555477717115e-12
7.017919373692178319e-14 3.168244177905606929e-13 2.675326523041930290e-12 8.317562717170143703e-12
5.642838270140640961e-14 2.959417545829344572e-13 2.690913321914926702e-12 8.447297351236976963e-12
4.786475507039203358e-14 2.877541552112740919e-13 2.774357845957649404e-12 8.679616376978469062e-12
6.235491681227805095e-14 3.212462126005831269e-13 2.909948167007830492e-12 8.999606210080722582e-12
7.883115707904666806e-14 3.551313786558178239e-13 2.994798638564996395e-12 9.251093475126989088e-12
7.186886266845034151e-14 3.459180098635756285e-13 3.012678077263934107e-12 9.400162164319736602e-12
5.545747234246586739e-14 3.230374040659476031e-13 3.066285845712679952e-12 9.599831078141442655e-12
6.070158553865760917e-14 3.414483903857404353e-13 3.205503604002466957e-12 9.934853169116000191e-12
8.284098064973384036e-14 3.878163161320334943e-13 3.338797908324332771e-12 1.027246382156508103e-11
8.775342411219662621e-14 4.003075469761353863e-13 3.384861262749800164e-12 1.048190361595876088e-11
6.957126995174459484e-14 3.732350687076348259e-13 3.413812267534882048e-12 1.066085884687736735e-11
6.221385255839676459e-14 3.696357168870021862e-13 3.533368084037528206e-12 1.097792285461713494e-11
8.263787944914363487e-14 4.155598516064164177e-13 3.704562162344387208e-12 1.138507673715437010e-11
1.006653010859099902e-13 4.532129892034815388e-13 3.802228159990174680e-12 1.169081821430304435e-11
8.890227565637645486e-14 4.368924131121563639e-13 3.827455103273456535e-12 1.188474793579342122e-11
7.029609685917496500e-14 4.126955023944983708e-13 3.911991401655232203e-12 1.216470669642820775e-11
8.090580758190983222e-14 4.432712356554285788e-13 4.096913572172101527e-12 1.260533181570913140e-11
1.081330117542292138e-13 5.002207887621050633e-13 4.257360084099227854e-12 1.302365485107573922e-11
1.101182086805726524e-13 5.087783582609765781e-13 4.310608493504229701e-12 1.328351576779229500e-11
8.676351680511902451e-14 4.749691758711093082e-13 4.361442346620046905e-12 1.353378463895850679e-11
8.199813219999857955e-14 4.792251304109636893e-13 4.530299208405302227e-12 1.396540814298364251e-11
1.099206327442674691e-13 5.408618270982176610e-13 4.745897774721100517e-12 1.448394309040337481e-11
1.288840672884280025e-13 5.815987496716203546e-13 4.859336645442195906e-12 1.485958733484045820e-11
1.108185010282421038e-13 5.562484891256407438e-13 4.898144603150296156e-12 1.511859647248642774e-11
9.054946345030553857e-14 5.326775775900463071e-13 5.027661572776135532e-12 1.551112799970949322e-11
1.086752961529237774e-13 5.800080310095738196e-13 5.272030456375283697e-12 1.609035430396224729e-11
1.415303872241466256e-13 6.489791973990994634e-13 5.465626475472579827e-12 1.661154347389045808e-11
1.389033837895998817e-13 6.512923035636534762e-13 5.530503139958643420e-12 1.694140429808890395e-11
1.096891387194937292e-13 6.106350238900729254e-13 5.616029891108266227e-12 1.729498306103780926e-11
1.095332087782356221e-13 6.274197119081253136e-13 5.852093830307332724e-12 1.788183479039414531e-11
1.468164717957570742e-13 7.087688569115457366e-13 6.123559808854816286e-12 1.854410357136140955e-11
1.656776432182892562e-13 7.513938376688204606e-13 6.257506816068877456e-12 1.901216005356137329e-11
1.395080813349740079e-13 7.149379051820454925e-13 6.320065120979061473e-12 1.936646428263839449e-11
1.186272015442318450e-13 6.952519328642030757e-13 6.514493322920868144e-12 1.991695957396011860e-11
1.470879871507195348e-13 7.653903949820757867e-13 6.836573991257366250e-12 2.067934113289870895e-11
1.859622579055248388e-13 8.478058605766217409e-13 7.071624899069949819e-12 2.133405567788515266e-11
1.764657217882806681e-13 8.409387606228878225e-13 7.155910574446363208e-12 2.176344610163798876e-11
1.408746498625581584e-13 7.941226235001793309e-13 7.295326634716468428e-12 2.226686901317499013e-11
1.482266814342312000e-13 8.300840091353698814e-13 7.623172410407157824e-12 2.306505358646865179e-11
1.970676028109285910e-13 9.360374025399473639e-13 7.965856158531219281e-12 2.391520401842189103e-11
2.141889012328103054e-13 9.786814868458805526e-13 8.128098537701822410e-12 2.450878939875835048e-11
1.777993391679586688e-13 9.290629732309185399e-13 8.230739241948715557e-12 2.500373443581519007e-11
1.581521895617393850e-13 9.185078126908224898e-13 8.518550868616969914e-12 2.577659493502877505e-11
2.006402549768800415e-13 1.019473758944642470e-12 8.943088483163503972e-12 2.678332600227726140e-11
2.456482061703667437e-13 1.116671481228766514e-12 9.231633398364587449e-12 2.761513571163593407e-11
2.262920584978394480e-13 1.097008940882184187e-12 9.348643066524859102e-12 2.818904239998193913e-11
1.841723048575357288e-13 1.046119644532335332e-12 9.570770530547962085e-12 2.891047914955099979e-11
2.031710169774654817e-13 1.110715051995060791e-12 1.002462251032849457e-11 2.999850501004970435e-11
2.661365837811984838e-13 1.247300223297939650e-12 1.045975535280996606e-11 3.109822440959946055e-11
2.790351689364889177e-13 1.287237391379212503e-12 1.066330752401899198e-11 3.186709157161038286e-11
2.300118500603137593e-13 1.222765701737052620e-12 1.083208866912166459e-11 3.257120141800239614e-11
2.146595942573422308e-13 1.229606634976359522e-12 1.125441567049191610e-11 3.365891382680550162e-11
2.760235069709849640e-13 1.372117467278809164e-12 1.181573098326452744e-11 3.499574999208282595e-11
3.268071864910533040e-13 1.485277870979019399e-12 1.217599120319548553e-11 3.606825936242760965e-11
2.936688605357620938e-13 1.448549736728289736e-12 1.234823474075283817e-11 3.685597647230087798e-11
2.455647599090435723e-13 1.398053002127955044e-12 1.269665049632610388e-11 3.789634363299888633e-11
2.821180601791858135e-13 1.504809361633462435e-12 1.332507235545327829e-11 3.938599696142771044e-11
3.621754463177459046e-13 1.679556149542465889e-12 1.388310103588973974e-11 4.082375233021957563e-11
3.671776718126548717e-13 1.713020703195470908e-12 1.414996503207388794e-11 4.184417422071243473e-11
3.028928222184313631e-13 1.633039494460556817e-12 1.442649762575266551e-11 4.286204352295778539e-11
2.967693831042904388e-13 1.670190713358412317e-12 1.504368466073127887e-11 4.439949418052873896e-11
3.834146223372667565e-13 1.868766476587391410e-12 1.579073151578503933e-11 4.618943395712987246e-11
4.388442756478580846e-13 1.998862856475544910e-12 1.625139458150919097e-11 4.759806130127640227e-11
3.868264524405678207e-13 1.940354273414770910e-12 1.651679620893357999e-11 4.870771994761673388e-11
3.345428009709331899e-13 1.898749676287384623e-12 1.705817914570108201e-11 5.021852209060001521e-11
3.971286087020956905e-13 2.067227185807020042e-12 1.793169846648598702e-11 5.227232432350870406e-11
4.976636744461921017e-13 2.289757746480609070e-12 1.865802782946060515e-11 5.417862609036381672e-11
4.894161686036468478e-13 2.311829259991947825e-12 1.902581409049213243e-11 5.556996223267212129e-11
4.072491538613729756e-13 2.217984351587514180e-12 1.947704289246453248e-11 5.706343157051745881e-11
4.182140000094981165e-13 2.305657106104143418e-12 2.037941619353297014e-11 5.925114389649560423e-11
5.386904944645922456e-13 2.580360755110937920e-12 2.138433769242658758e-11 6.167534533860725785e-11
5.964046982491692906e-13 2.728210841862930843e-12 2.199222766448804070e-11 6.356729903232830385e-11
5.189589110029672958e-13 2.643385200766056251e-12 2.241495566662632663e-11 6.517032700872172223e-11
4.665412128214946123e-13 2.626057703615008393e-12 2.325310714172684893e-11 6.738314425689747948e-11
5.674600631524696296e-13 2.885024753801546880e-12 2.447706930538949248e-11 7.024327579280940169e-11
6.922757705373636641e-13 3.168073237240338091e-12 2.544227388410659273e-11 7.281665020593536869e-11
6.630509749587598608e-13 3.172799076017318095e-12 2.597614354944522884e-11 7.476985751097884759e-11
5.608913986732318288e-13 3.071459271235857175e-12 2.671128044962151793e-11 7.699382335257113170e-11
6.014704762433824472e-13 3.241618336303018686e-12 2.803750130264748806e-11 8.013692547278949928e-11
7.673711691718056264e-13 3.620934507877902328e-12 2.941066604789552335e-11 8.347036690282560911e-11
8.230668134133574676e-13 3.787553614705110050e-12 3.024486884452815652e-11 8.607953693659412375e-11
7.119254887013845170e-13 3.673582654991239824e-12 3.093477247949894456e-11 8.845308196397215904e-11
6.674087705827127315e-13 3.707879499437550165e-12 3.223504046990632903e-11 9.172995435440213628e-11
8.248209197828418644e-13 4.100672745463430224e-12 3.397217274807322716e-11 9.576790252949035575e-11
9.781081252235971458e-13 4.461978814794412073e-12 3.529082058838426173e-11 9.932059842596111096e-11
9.168212106013862525e-13 4.443157884144288011e-12 3.610569551478882467e-11 1.021488648480372553e-10
7.941605751964528201e-13 4.350130177685302781e-12 3.730662746753165514e-11 1.055139402621762836e-10
8.845379720314190519e-13 4.654311619812916699e-12 3.927629726133764019e-11 1.100899769577793033e-10
1.111946532087912695e-12 5.180183315156708379e-12 4.119386656924324510e-11 1.147645761965731958e-10
1.158279824757092726e-12 5.367949638298438667e-12 4.239265105781200893e-11 1.184746231939214234e-10
1.003334591392790066e-12 5.227263543127201570e-12 4.354145126497922140e-11 1.220777809027508685e-10
9.819759814264878741e-13 5.361901271386428710e-12 4.557511789821099754e-11 1.270006788103409129e-10
1.223373266645971737e-12 5.955946081882269154e-12 4.808699376879761177e-11 1.328059727537184755e-10
1.409663420860955056e-12 6.422033341945808378e-12 4.995381577309565825e-11 1.378475880679058394e-10
1.300510330112181229e-12 6.375725293606335777e-12 5.125727901824184525e-11 1.420796918219802038e-10
1.160802321548974808e-12 6.325741937569878558e-12 5.323558772559935703e-11 1.472663397177704529e-10
1.334206761203654273e-12 6.849465346000696482e-12 5.621000723778751992e-11 1.540484403003937202e-10
1.646186282641030569e-12 7.586692311546439660e-12 5.896697094333290049e-11 1.607697044603065347e-10
1.671083762374832725e-12 7.802650551279228348e-12 6.078128726529099648e-11 1.662329134857577811e-10
1.460813147780461072e-12 7.651128740833356935e-12 6.273302661957358309e-11 1.718495949079160169e-10
1.491345246967302011e-12 7.974502617658329291e-12 6.596208056914832473e-11 1.793866305539985221e-10
1.859815076851869610e-12 8.879271024541358416e-12 6.968943426176877868e-11 1.879330470518645850e-10
2.084005493252475647e-12 9.493561727101850968e-12 7.245229695294790573e-11 1.953306968164602486e-10
1.904706065707293485e-12 9.425081820979354848e-12 7.463141217989836023e-11 2.018910796629223656e-10
1.760591022025325089e-12 9.491771257612380780e-12 7.794096078277775390e-11 2.100676529776022629e-10
2.073564487304936097e-12 1.038274668135483168e-11 8.254286313273352251e-11 2.203597703195128178e-10
2.504796073506017853e-12 1.143787849401857426e-11 8.666095281615056758e-11 2.303335912176053241e-10
2.488948752426137596e-12 1.170277096271504633e-11 8.956632435320293387e-11 2.387061016624852693e-10
2.212562365688883211e-12 1.158911867496854921e-11 9.296212500284597969e-11 2.477267420563705237e-10
2.350009593959136106e-12 1.226717200218281580e-11 9.821099632875204780e-11 2.595579718491038762e-10
2.916359018345656854e-12 1.367058598938827635e-11 1.039391975923773051e-10 2.725326019407197178e-10
3.184226931423021404e-12 1.451225138035345968e-11 1.082551972768213130e-10 2.838349678320596034e-10
2.904277916339221717e-12 1.445519802312688233e-11 1.120626111657274066e-10 2.944106327524847273e-10
2.789689871605708310e-12 1.479571598756405883e-11 1.177361599939778459e-10 3.076745773536329287e-10
3.343103001242214322e-12 1.632323208038205439e-11 1.251018916769390474e-10 3.237886115285362355e-10
3.949447246052978386e-12 1.788600772452297603e-11 1.315642951270856902e-10 3.391898894278046048e-10
3.863041489899268181e-12 1.825936691134531505e-11 1.365101121012434324e-10 3.526261599739545717e-10
3.517846999367938980e-12 1.831329817551917628e-11 1.426060587994177929e-10 3.676387751298969346e-10
3.871800139503266856e-12 1.967401683148463677e-11 1.514352512427927879e-10 3.868377833835207385e-10
4.760184432000714421e-12 2.192300515008484895e-11 1.606614602889736926e-10 4.073377658320287518e-10
5.081093886566885676e-12 2.315481310266844117e-11 1.678556215339101384e-10 4.254762064466933582e-10
4.662270047259501469e-12 2.322436444594888532e-11 1.748381773944994576e-10 4.433167222433459202e-10
4.662499207048628059e-12 2.418723152185880727e-11 1.849243301298697326e-10 4.656528272586888969e-10
5.648606790153594864e-12 2.687908378277845788e-11 1.972798186558951092e-10 4.919503178863229797e-10
6.529436620921159641e-12 2.932330113211755991e-11 2.080850290491076403e-10 5.169666152733911963e-10
6.330087377349750559e-12 2.997701078935363235e-11 2.170958941654635488e-10 5.397399661230688961e-10
5.945422848514795144e-12 3.053847148754004120e-11 2.285216592827279658e-10 5.658702672552522841e-10
6.748657657950623263e-12 3.327947297795360737e-11 2.441157113989510110e-10 5.984502628814911668e-10
8.197234529779912027e-12 3.707877170093605958e-11 2.599414737851464991e-10 6.325864072145532642e-10
8.596132052245076041e-12 3.908214050737111024e-11 2.729086651539861747e-10 6.635253650588123492e-10
8.005365176541493772e-12 3.963512995123829557e-11 2.864890003408611250e-10 6.953438224900423152e-10
8.339349274028027630e-12 4.204894223149931845e-11 3.053944883832379195e-10 7.349002422593696550e-10
1.016022809731403583e-11 4.704591236954811557e-11 3.275112869136810292e-10 7.802882411671144334e-10
1.151937161481192108e-11 5.120855013850513796e-11 3.471214069046639483e-10 8.236760490225546624e-10
1.116356294332971594e-11 5.266296398620158764e-11 3.649040044969597327e-10 8.649754106474842789e-10
1.088238885591435893e-11 5.466797485650994628e-11 3.876777151660491717e-10 9.132442052362026217e-10
1.267991375046567238e-11 6.043485742986040358e-11 4.172075250804275326e-10 9.720495023440565766e-10
1.520742697243170136e-11 6.741118739048182350e-11 4.467773219931491601e-10 1.033056295248728336e-09
1.577852661684301798e-11 7.122241405969998834e-11 4.725312272409101363e-10 1.090129067456269102e-09
1.506040244209834319e-11 7.339555728094442520e-11 5.010847024521278529e-10 1.151157991941430456e-09
1.633909860826833435e-11 7.945650080697915447e-11 5.393815099721756688e-10 1.226325063260623925e-09
1.995573427842682699e-11 8.958168628240338363e-11 5.827777425321342625e-10 1.311012605824602216e-09
2.230409203191709036e-11 9.767373507649355433e-11 6.224526844162371598e-10 1.393198187179019334e-09
2.184299354259929911e-11 1.016671825808636855e-10 6.613186504675367833e-10 1.475070226247598699e-09
2.223681218693281511e-11 1.079895775825824022e-10 7.110208984663262552e-10 1.572010058540988531e-09
2.650679764883528644e-11 1.212874483140586898e-10 7.729486011495164280e-10 1.687979805832813150e-09
3.147361962852511452e-11 1.359200110260870477e-10 8.352376732996977693e-10 1.808396773964154068e-09
3.265067189574519148e-11 1.449215034921474137e-10 8.933558623456630167e-10 1.925538415356641426e-09
3.231444510867234885e-11 1.527795014636441983e-10 9.605292641363911023e-10 2.055234352509945448e-09
3.653089259176500376e-11 1.693652504536234604e-10 1.047794557221969751e-09 2.213735861360083877e-09
4.475118428816571683e-11 1.931139928797201491e-10 1.145269337004470952e-09 2.390902011020678160e-09
4.978384186302633154e-11 2.124455302813025601e-10 1.238712303048096518e-09 2.567511859837160368e-09
5.001342008486343855e-11 2.258770497938648751e-10 1.336872481731431753e-09 2.751943451638101930e-09
5.359122513661987262e-11 2.471705376945198458e-10 1.461814515421397747e-09 2.972940967592045238e-09
6.538810416006670971e-11 2.834489210919614217e-10 1.613861732182060168e-09 3.234946852245053496e-09
7.753963687263100238e-11 3.217020520287956111e-10 1.770778505440080992e-09 3.511174518511584707e-09
8.182407871898347245e-11 3.501868497982030199e-10 1.928669799594400318e-09 3.793234334104855868e-09
8.534741930515007926e-11 3.819154169572184726e-10 2.117457398971770084e-09 4.116648639079908380e-09
1.010344628200618344e-10 4.371596083421855417e-10 2.358171659042264114e-09 4.511846775916860735e-09
1.252034500007343353e-10 5.091429081660852630e-10 2.629619135964621879e-09 4.957224823000424312e-09
1.413550075414637276e-10 5.734153310500888833e-10 2.907813461767261678e-09 5.420965226566266773e-09
1.493048018321119951e-10 6.332205707821870195e-10 3.220685516099471873e-09 5.932242372346927075e-09
1.710159590125728558e-10 7.242646610776113171e-10 3.620833486583080911e-09 6.557255090688298647e-09
2.162067613549252421e-10 8.604962429835291898e-10 4.109635055052006791e-09 7.305673304366689224e-09
2.624356452464100351e-10 1.008989288295710555e-09 4.643541152300545857e-09 8.126899208747810395e-09
2.919248454849354455e-10 1.149711285815900133e-09 5.231583468708083048e-09 9.024511212927408014e-09
3.315918984440072746e-10 1.330426157585193628e-09 5.966288854928519651e-09 1.010513999115142907e-08
4.206917437864825523e-10 1.611608070972082665e-09 6.915297212307440662e-09 1.145718549005874407e-08
5.456299455776353899e-10 1.975724787996800906e-09 8.043270731684038215e-09 1.304740438446858137e-08
6.582375780252269190e-10 2.367107303062554818e-09 9.325437221418736377e-09 1.484057430985357594e-08
7.740041637808849375e-10 2.832984613191811155e-09 1.090288551015065257e-08 1.698683658841145045e-08
9.913386381370843656e-10 3.533310240404567324e-09 1.300789787721269643e-08 1.975158676990656490e-08
1.365048205875242001e-09 4.559614794850859018e-09 1.573822391853429381e-08 2.325360537406444102e-08
1.824114500615847348e-09 5.853275363298445853e-09 1.907577849492738645e-08 2.746406875009668570e-08
2.320657117333070567e-09 7.439198980285573891e-09 2.322464682771494889e-08 3.257601971293599437e-08
3.033276356535039274e-09 9.672655530236996050e-09 2.876707790719284708e-08 3.918801777763745236e-08
4.265348097499503085e-09 1.305275606768453947e-08 3.630517112239608693e-08 4.791312669067009023e-08
6.121560374691197160e-09 1.783976862529083410e-08 4.616741775406277937e-08 5.903852631997949850e-08
8.589604429816046900e-09 2.430802533483975699e-08 5.899751219281826900e-08 7.311429291882801825e-08
1.229966344064653649e-08 3.375252512077346025e-08 7.673632714414616252e-08 9.189875556678316894e-08
1.905877927614136780e-08 4.888091839457907505e-08 1.021276142112809626e-07 1.176692283928850752e-07
3.080990814637531998e-08 7.213293517547554469e-08 1.357999567412575483e-07 1.501206597958153847e-07
4.711835874013160608e-08 1.026856187567599753e-07 1.730296967213620212e-07 1.834171836076751305e-07
6.345272971785571328e-08 1.351319542394690923e-07 2.040246325777570613e-07 2.073802005689765738e-07
7.270833902062676485e-08 1.619131458134592862e-07 2.191221618424299552e-07 2.135053342368108499e-07
6.967974775799703401e-08 1.778248332613193477e-07 2.154280284168345061e-07 2.012788973737945896e-07
5.503515781831290872e-08 1.824555246959727969e-07 1.992438380305160579e-07 1.790021745035896741e-07
3.526864621454214560e-08 1.784451717991067302e-07 1.818949752775672876e-07 1.580383117610783916e-07
1.852342787816834013e-08 1.679239910161400631e-07 1.722760994514851462e-07 1.453695217615229796e-07
9.724213891753168389e-09 1.512201005490024913e-07 1.719888800625691927e-07 1.404280574965931958e-07
8.659008016666490807e-09 1.288955126719282827e-07 1.761890564208953913e-07 1.377073215027767908e-07
1.167733425857448552e-08 1.041002753696231461e-07 1.783547870176631578e-07 1.317746656228398461e-07
1.479206375910647009e-08 8.197923584983756719e-08 1.747538501984407509e-07 1.205484181357323276e-07
1.571808801638284850e-08 6.648436134986194372e-08 1.658178455730919867e-07 1.054506877841004096e-07
1.414330715904490480e-08 5.791146918701626761e-08 1.546334204863451100e-07 8.961507874282051553e-08
1.101027651453727355e-08 5.346805795136012367e-08 1.445118915103784241e-07 7.580021338376263218e-08
7.670387663513281257e-09 4.985964001133831240e-08 1.373428902964874578e-07 6.504348157939537115e-08
5.208718134694444698e-09 4.527009262572564871e-08 1.332515948308923016e-07 5.659539848786223742e-08
4.020103269129208866e-09 3.951407507003171106e-08 1.311896593772952416e-07 4.907138883675961658e-08
3.799880197418410641e-09 3.321622236270931084e-08 1.298789371390354333e-07 4.182173687037571028e-08
3.961946692557472771e-09 2.721873548804277053e-08 1.286754642108098459e-07 3.528008604246112956e-08
4.144689243200233174e-09 2.237894709863512826e-08 1.280018855481175249e-07 3.024669123118179771e-08
4.408742056350156013e-09 1.932226781889313465e-08 1.289734833259177157e-07 2.738023630788276510e-08
5.071230075218946949e-09 1.812791184321624328e-08 1.321260840464455049e-07 2.768586692537168028e-08
6.411080159564013822e-09 1.832240937456830397e-08 1.359753174579918363e-07 3.295620735577620869e-08
8.429609500244186670e-09 1.924196028660350568e-08 1.368309435711620665e-07 4.462893686498215931e-08
1.070454468328541218e-08 2.037766921839079854e-08 1.307121942372787060e-07 6.154476562379915512e-08
1.241473914975270217e-08 2.144226516690769614e-08 1.163100745682258233e-07 7.918473143794738151e-08
1.266996714556767900e-08 2.230703438820615168e-08 9.649047673652923275e-08 9.204503317162571182e-08
1.106513478474425182e-08 2.298463086604432865e-08 7.671649490281026751e-08 9.745699714791344553e-08
8.052912464846001488e-09 2.355028633296446368e-08 6.151192893206214325e-08 9.729450689554536309e-08
4.760192555790382022e-09 2.390386142417303553e-08 5.192310572488685708e-08 9.599480867514480139e-08
2.341691057386690951e-09 2.362589987261757428e-08 4.587577279547841275e-08 9.693162819393697916e-08
1.373581196105840571e-09 2.224590662945364125e-08 4.056033986988115090e-08 1.004079462669731623e-07
1.697346150144163466e-09 1.976200499249610549e-08 3.447370938905349365e-08 1.044246234121974459e-07
2.689144596655521323e-09 1.684421897422117642e-08 2.774753739710749117e-08 1.067403628974854104e-07
3.652218647821123561e-09 1.443666362546776855e-08 2.128568534553648141e-08 1.062949082200480262e-07
4.103988373953858796e-09 1.313299574414154494e-08 1.590268107805685988e-08 1.034410469295804118e-07
3.912745183652795868e-09 1.290614344609521298e-08 1.196442576206910580e-08 9.948084318992723527e-08
3.290991174632720215e-09 1.332234966357368137e-08 9.350370261046000245e-09 9.591984100579516805e-08
2.635448267090371909e-09 1.389225861265445316e-08 7.589177434731485486e-09 9.363105829265860349e-08
2.273739388942642341e-09 1.425253908698257330e-08 6.187543602341664590e-09 9.240605883021584828e-08
2.286953464216326477e-09 1.421595463109286074e-08 4.965895244344002140e-09 9.140287382571748606e-08
2.547250874750687078e-09 1.384301452491457576e-08 4.061232141364222316e-09 9.015690898988487021e-08
2.918573846031695486e-09 1.349343260756818748e-08 3.617896692023331782e-09 8.905032118653935919e-08
3.411819669855664314e-09 1.369247218241769152e-08 3.609096451212252194e-09 8.873464309936373651e-08
4.142794719565256055e-09 1.482669878668500367e-08 4.020860665111476726e-09 8.942895020808817893e-08
5.165057351856543534e-09 1.693826753188793514e-08 5.041711552174199193e-09 9.125657637547908287e-08
6.407969589213774530e-09 1.986282600898674962e-08 6.843173912840278801e-09 9.519244770340076625e-08
7.848271738789401452e-09 2.361558223355429733e-08 9.158193528454690957e-09 1.028224670277040977e-07
9.736588684323049049e-09 2.860004793251372865e-08 1.125605769545528297e-08 1.142054157176031159e-07
1.251083710696635102e-08 3.527715432163476339e-08 1.244741653986468846e-08 1.258121848332269134e-07
1.626356558737672729e-08 4.344723872714140413e-08 1.255551735437191513e-08 1.314040865002417744e-07
2.017504795457398278e-08 5.182689120342071926e-08 1.184186484633781685e-08 1.261002924672337214e-07
2.259850402977777094e-08 5.851703016570355012e-08 1.059479021901790554e-08 1.103206578525883044e-07
2.202228618200917456e-08 6.214009256951616995e-08 8.974695118454384293e-09 8.986977839619762168e-08
1.824656667516336317e-08 6.263894364094874689e-08 7.273290398125428344e-09 7.190820270104625230e-08
1.272843960320324474e-08 6.094363727148415756e-08 6.137084925146462239e-09 6.032229184503269141e-08
7.701533443757143262e-09 5.787255052746186243e-08 6.334568594427656386e-09 5.420774348915819735e-08
4.778448954247328275e-09 5.348259884521415653e-08 8.211679405130673501e-09 4.998866541187515810e-08
4.163358734805174392e-09 4.755869608036152785e-08 1.134976302993466179e-08 4.466978565554121440e-08
4.940951482769094592e-09 4.057691780200270708e-08 1.474997256861110560e-08 3.757325726268538558e-08
5.940096404308730749e-09 3.390506337203076220e-08 1.741819808523697953e-08 2.993604180887352471e-08
6.386557773670684807e-09 2.891964248936943583e-08 1.894208145779721171e-08 2.346556436554648482e-08
6.045922810147023134e-09 2.599198746639990670e-08 1.967507526972897311e-08 1.913794095426637517e-08
5.081675042221566006e-09 2.439433938699236873e-08 2.041363288426894758e-08 1.682631962027295660e-08
3.883664569644559350e-09 2.308321424640989910e-08 2.182942087033101000e-08 1.571237874652449425e-08
2.884689637721391563e-09 2.144471600326925593e-08 2.411548307706027456e-08 1.504928136698593962e-08
2.339816325278320591e-09 1.938949125379529759e-08 2.708042629870860251e-08 1.466266273389366143e-08
2.199466474814418482e-09 1.705239216499488980e-08 3.046620718275608623e-08 1.482806197822302818e-08
2.216014825724882328e-09 1.462706402403975104e-08 3.410314641528676563e-08 1.580948112816962482e-08
2.193866606996722251e-09 1.240167941272687304e-08 3.783343376337484594e-08 1.767578397632707643e-08
2.134486970520612675e-09 1.069544506766053395e-08 4.145290805095692421e-08 2.051810013211518402e-08
2.165397435028415554e-09 9.623265520232394222e-09 4.477595544759247090e-08 2.450024270394074200e-08
2.383247638546598425e-09 8.977683320502607207e-09 4.760214598294094693e-08 2.934759180620525888e-08
2.777361141424609870e-09 8.420321344156012968e-09 4.947349782949097959e-08 3.381850727464455516e-08
3.244115891512326305e-09 7.778333269515094575e-09 4.958099737698852513e-08 3.607778677363681956e-08
3.613762091283918876e-09 7.130265609944382148e-09 4.722507884380142332e-08 3.497241641347731739e-08
3.683940608080097696e-09 6.656853582062571183e-09 4.256452059914959913e-08 3.103755308520894313e-08
3.312870396810116603e-09 6.476756799950169906e-09 3.682565789322790887e-08 2.616488995922188943e-08
2.542532666274478621e-09 6.594981818783468109e-09 3.157082613664341731e-08 2.221079501149097502e-08
1.626408219909583061e-09 6.902138659726936655e-09 2.765252787601650322e-08 1.983507157010447663e-08
8.986319374057228394e-10 7.178777665252761723e-09 2.484362124502815468e-08 1.846476953026600050e-08
5.816799778412667562e-10 7.175283496713555115e-09 2.237546488617219158e-08 1.711905199028332375e-08
6.844350755376752024e-10 6.784371051792250306e-09 1.969618049073896141e-08 1.523034036589132726e-08
1.038674045718096603e-09 6.152484522203353253e-09 1.674702833784658858e-08 1.291585021684978476e-08
1.408265802263500381e-09 5.582141434740432173e-09 1.376048561532430641e-08 1.073149874616091046e-08
1.598063002123829325e-09 5.303137608869803539e-09 1.101059594962833902e-08 9.216265571134548081e-09
1.533320202788931766e-09 5.336016830582017191e-09 8.715996158594244131e-09 8.548667174455282065e-09
1.285562153568434330e-09 5.542348340386257408e-09 6.978877401677950549e-09 8.536481716129447052e-09
1.015245557689743957e-09 5.747814178180001891e-09 5.718232077845916812e-09 8.908837499165515432e-09
8.545921571007226977e-10 5.810679409761159142e-09 4.736605153724778115e-09 9.597431598042078492e-09
8.242551855636564418e-10 5.647875630595615447e-09 3.924723585024097646e-09 1.073360605443619578e-08
8.566685446305499448e-10 5.277518473029398652e-09 3.362825418143361606e-09 1.246651449215363353e-08
8.882835028651884502e-10 4.840364658412318734e-09 3.185351517862328843e-09 1.490848685160491971e-08
9.150395462372551073e-10 4.521489933376048091e-09 3.424809814731679140e-09 1.823478011301173157e-08
9.638363422959933197e-10 4.409514900945600117e-09 4.076671320695775355e-09 2.267016932624856161e-08
1.036324457846178032e-09 4.437585510198471888e-09 5.239027304298438490e-09 2.831124012143761970e-08
1.100340311972225313e-09 4.473413653806232802e-09 6.982841183146329251e-09 3.510756907880882954e-08
1.131650356089600503e-09 4.454655082228817898e-09 8.987349067411990694e-09 4.310543040445499567e-08
1.148314440221386068e-09 4.424634478329040934e-09 1.043494952102856659e-08 5.243669085170260887e-08
1.197197679224393857e-09 4.452760703418936049e-09 1.048503336986751756e-08 6.261159188279448348e-08
1.307271465411360420e-09 4.546672910662992616e-09 8.962311837735992362e-09 7.172768979754826563e-08
1.452001709574640690e-09 4.643783997038773538e-09 6.563389732947953679e-09 7.687155499747985413e-08
1.551590419873091287e-09 4.669607071643776564e-09 4.351161313881209541e-09 7.598102413375729371e-08
1.518445588372357809e-09 4.596849188869329936e-09 3.018402212689863098e-09 6.963300785587735872e-08
1.319717590787798839e-09 4.459374109388680011e-09 2.556046154666458457e-09 6.088811170506597821e-08
1.010636035705897483e-09 4.316078324648733754e-09 2.486142886285585691e-09 5.314763636695519704e-08
7.061502423708589926e-10 4.192969377884639828e-09 2.323655376118353556e-09 4.796170582169146669e-08
5.090527691693653385e-10 4.054367320447840117e-09 1.875468149339647828e-09 4.461979773351981537e-08
4.533209378877333962e-10 3.839648811397883479e-09 1.248754380787535009e-09 4.144540764676490982e-08
5.034127242072382299e-10 3.537199208724076535e-09 6.734537470190501856e-10 3.728448090826102066e-08
5.936065544201764156e-10 3.215308305911035563e-09 3.075541404672527430e-10 3.204724862149409519e-08
6.640259872229763797e-10 2.968622797888302706e-09 1.521049278433149296e-10 2.638499054915162419e-08
6.758452277371670399e-10 2.836159009832858428e-09 1.085599218337318805e-10 2.113325618754634952e-08
6.190557897380836945e-10 2.779721230266305723e-09 9.778475477908158668e-11 1.687366423648261058e-08
5.184971353565194711e-10 2.734519708821468977e-09 1.192228182328139007e-10 1.369521263504828394e-08
4.222506742554502565e-10 2.660836818372486561e-09 2.155210839062234918e-10 1.126662661305496742e-08
3.676865661053326046e-10 2.544732998445546771e-09 4.189565480293408889e-10 9.219137881735841140e-09
3.538228883759792172e-10 2.376425035074061349e-09 7.476156466776239081e-10 7.496888621672846854e-09
3.504499700021917550e-10 2.155464928223592576e-09 1.221951115025163463e-09 6.316035227996298159e-09
3.334130849888181007e-10 1.911851191076995255e-09 1.845279504520169927e-09 5.867032543371091349e-09
3.051191669623590099e-10 1.694314757834911638e-09 2.569965582370096337e-09 6.217680467617969027e-09
2.810966750650915311e-10 1.523542549986501943e-09 3.312834080043047723e-09 7.497744927895380835e-09
2.664423498733022827e-10 1.367438447683145797e-09 4.009429763781159258e-09 9.917019771014668289e-09
2.528296107340514642e-10 1.175175195074687448e-09 4.627901749222079909e-09 1.335534507754326263e-08
2.339745550922894652e-10 9.329115425328752934e-10 5.123174139154925028e-09 1.698144739499509937e-08
2.141470941507813202e-10 6.790342001677135328e-10 5.414304301270484005e-09 1.954157664116772816e-08
1.990604331068784753e-10 4.696142693707148951e-10 5.444200854111533639e-09 2.021987536800073809e-08
1.846274202303329362e-10 3.387781750764561799e-10 5.254147629733451477e-09 1.923438232613456944e-08
1.601059208448251251e-10 2.891169732569070566e-10 4.966947598661116937e-09 1.757144877871270192e-08
1.215896659703789900e-10 3.036140348772749689e-10 4.687768668042680469e-09 1.617237093204754609e-08
7.968680934597074491e-11 3.560743582707473684e-10 4.436910241824382377e-09 1.535486263218669288e-08
5.355876096059530237e-11 4.167642233989666113e-10 4.177553372841582779e-09 1.484716146168450341e-08
5.727963760833787627e-11 4.619008395343838034e-10 3.879176603665303045e-09 1.418447938814410840e-08
8.915336260418174008e-11 4.843426209302187710e-10 3.537686083239935272e-09 1.306248874596105497e-08
1.312671950807668382e-10 4.942575763898952048e-10 3.158966677439259752e-09 1.148187677052791571e-08
1.604345446955504519e-10 5.086045744663547591e-10 2.756838912480778421e-09 9.702176785349822270e-09
1.637732734021415477e-10 5.394386201740987766e-10 2.365262901134713391e-09 8.053350909345759930e-09
1.465801703817025525e-10 5.875637334194196430e-10 2.024385704651501851e-09 6.714527688658798831e-09
1.252659396810425482e-10 6.408433456701348342e-10 1.744508835103252704e-09 5.638645886807883398e-09
1.124263263359585448e-10 6.783323420724040946e-10 1.500976069282056435e-09 4.686144668845898616e-09
1.089541114806927977e-10 6.829444318335675338e-10 1.274503961973976942e-09 3.801483913817770054e-09
1.090278959053885138e-10 6.555865140920991670e-10 1.081686270236583731e-09 3.037465167297254399e-09
1.089806606536354715e-10 6.155196392477081938e-10 9.537226947788170758e-10 2.457362631119859666e-09
1.091190130960504542e-10 5.832411559562763335e-10 9.008830196475135321e-10 2.092315124672127696e-09
1.091281042840982507e-10 5.628858755644261071e-10 9.199326065227720612e-10 1.995942025877689771e-09
1.057177607389452539e-10 5.425819135620758061e-10 1.027939674102108854e-09 2.262804975654383427e-09
9.594243417470508502e-11 5.096652520663475190e-10 1.254434924721518788e-09 2.950067854574595473e-09
8.086124961420944101e-11 4.616366827804910287e-10 1.581157998456423209e-09 4.024057217840350412e-09
6.451024288057154370e-11 4.031013754744916419e-10 1.905324578086477634e-09 5.419565371709946091e-09
5.022342328543677200e-11 3.378428036947046801e-10 2.089782593829411504e-09 7.093583428791708742e-09
3.910579773143533383e-11 2.677949738984143647e-10 2.062150654984711303e-09 8.936435603118579735e-09
3.129443620508053476e-11 1.976117431768249338e-10 1.866490213668111890e-09 1.064758093575591350e-08
2.700508360828177544e-11 1.359613436189191473e-10 1.623184603208138106e-09 1.181480914509113119e-08
2.593679765943152078e-11 9.116211475498726528e-11 1.441901672569190670e-09 1.220141297069774603e-08
2.658348404321319315e-11 6.673298999421164127e-11 1.359931077692658191e-09 1.194360045133003542e-08
2.687872319661819306e-11 6.097877911106868663e-11 1.339002035091887250e-09 1.142576837625815767e-08
2.561907027849925022e-11 6.908177099179999396e-11 1.307568227063645970e-09 1.096585126558263695e-08
2.341517015141503821e-11 8.513522338808682037e-11 1.215190105718061604e-09 1.063019622301810006e-08
2.249135570384593298e-11 1.038551437510276364e-10 1.064129797237520808e-09 1.029942350121704848e-08
2.515486425600546710e-11 1.219417297339401199e-10 8.979207845336950441e-10 9.832405995897877682e-09
3.159304572973938678e-11 1.380961984159268161e-10 7.597638291821108709e-10 9.159501408957989347e-09
3.896357509567352174e-11 1.519616244859934947e-10 6.605526035943157182e-10 8.297404566833706675e-09
4.334858969227688705e-11 1.637720706749312351e-10 5.835119091902686726e-10 7.341052204755381390e-09
4.312239892427958697e-11 1.747710713168033106e-10 5.109615583795548162e-10 6.424401556537521822e-09
4.013459540081504233e-11 1.862535892913261104e-10 4.394840308847867925e-10 5.636421282464180740e-09
3.737492680514948682e-11 1.971290067100251128e-10 3.735757557252929276e-10 4.963968041948168053e-09
3.599999860092199385e-11 2.034947485395595616e-10 3.165673302153112056e-10 4.338446832459338023e-09
3.507876873066295203e-11 2.021036374123817740e-10 2.726594885940778915e-10 3.735484472812581449e-09
3.359343599550653842e-11 1.939458575354932759e-10 2.509856460565346520e-10 3.202320819358602596e-09
3.160529099881356803e-11 1.831112388332836340e-10 2.601396957385548058e-10 2.792971782614921188e-09
2.940231315076750966e-11 1.721133324061547523e-10 2.995816220598274731e-10 2.522579784953973151e-09
2.648233812428500591e-11 1.594829581997474609e-10 3.603591116694975447e-10 2.407814809138561604e-09
2.200025761761353001e-11 1.420938520783494082e-10 4.328002929673379224e-10 2.510227989811758369e-09
1.589930539873055342e-11 1.186622506424312965e-10 5.093818289856967989e-10 2.881200378502660790e-09
9.252219837772175781e-12 9.064646224781793950e-11 5.815161720958874608e-10 3.456333076206209600e-09
3.734165572572171084e-12 6.118521043402015356e-11 6.397207056172176439e-10 4.042394395210972386e-09
8.873393288714085759e-13 3.429612449020380588e-11 6.793802244550600861e-10 4.437464660120162227e-09
1.279382788496071608e-12 1.411118689974676035e-11 7.030253061080439720e-10 4.565443340868944852e-09
3.762431469433918417e-12 3.104500059847562552e-12 7.149254275919679894e-10 4.498194552681731909e-09
5.909152600082912745e-12 6.992945946490600716e-13 7.162548579393550803e-10 4.369735516296150067e-09
6.009858991994658143e-12 4.270370665395411325e-12 7.074801547672716893e-10 4.278117251388802810e-09
4.755006658110908628e-12 1.136712746251830380e-11 6.919323998639510694e-10 4.241280028019290369e-09
4.394290916699872610e-12 2.024095490691358980e-11 6.728949747791283768e-10 4.208086909668276359e-09
6.142148234016891709e-12 2.881374582712243407e-11 6.487856613063784308e-10 4.104288975711610022e-09
8.985558879042787578e-12 3.502130852334999187e-11 6.156722012283837682e-10 3.890549275222237527e-09
1.118544957870410178e-11 3.889847738475923859e-11 5.745780581041757967e-10 3.593758484000386122e-09
1.218633284094108776e-11 4.293788179366611107e-11 5.322590799347056885e-10 3.280749785915471019e-09
1.251942923827959639e-11 4.910251951461297350e-11 4.936582250475044470e-10 2.998851639040313020e-09
1.249216809503155721e-11 5.615788679592032392e-11 4.572001944570923849e-10 2.747008887417759083e-09
1.194443827575994327e-11 6.114964526636725208e-11 4.196012535538400167e-10 2.502222908084830389e-09
1.113794666573639898e-11 6.300567566997673541e-11 3.822355485056422786e-10 2.257271750369487664e-09
1.087051374460578845e-11 6.324321388726884068e-11 3.495795610176271621e-10 2.022475431792107415e-09
1.137060470842206575e-11 6.325697480181683270e-11 3.233739798721543643e-10 1.804132677326709011e-09
1.178158462127583882e-11 6.258754453430372433e-11 3.023282772437507251e-10 1.601408742645786123e-09
1.122381269621102161e-11 6.043038018439402095e-11 2.873537707914463456e-10 1.424215918532563904e-09
9.879029817570183425e-12 5.733429753525660899e-11 2.832684364664932077e-10 1.297358860034486239e-09
8.492530810039481422e-12 5.414803541090584499e-11 2.937258941678166947e-10 1.240038043389548487e-09
7.198582980990217742e-12 5.018387456114240448e-11 3.162886905956371014e-10 1.250903266305445337e-09
5.538554334798502984e-12 4.394803728562788738e-11 3.432999046383711989e-10 1.318971652866020923e-09
3.496297363802549000e-12 3.548769716322534037e-11 3.657758733105964373e-10 1.438621351744065196e-09
1.770050247675231970e-12 2.668744961488925256e-11 3.762086817536936221e-10 1.602458369216328306e-09
8.749516675821163723e-13 1.913325439990113980e-11 3.712700803494034128e-10 1.784579149885085786e-09
5.866561717265291154e-13 1.290686313225506058e-11 3.550562008521377276e-10 1.944618040675154129e-09
5.393555966055129158e-13 7.840518283884612877e-12 3.380429982890479142e-10 2.052500454933582934e-09
8.244143122567373935e-13 4.687545103913995862e-12 3.289254144775846407e-10 2.104444199177736065e-09
1.565090428857749841e-12 4.126644831861924262e-12 3.267040356505769344e-10 2.115328077699352328e-09
2.331475551365818507e-12 5.426233590661005324e-12 3.228262891624635794e-10 2.103017131096549371e-09
2.579366356691171874e-12 7.198488872990557878e-12 3.112106926841344235e-10 2.080918721316656852e-09
2.480678451668289809e-12 9.070331145562838043e-12 2.937799301625552502e-10 2.055149894334412769e-09
2.709963749715170009e-12 1.153986778860651857e-11 2.758751091286406688e-10 2.020481538232925770e-09
3.421861025451264090e-12 1.441047828248209019e-11 2.596236580799133076e-10 1.963144547235633229e-09
4.030840349838803197e-12 1.661579395174910903e-11 2.440360329425038088e-10 1.875542348353592781e-09
4.138596543220429904e-12 1.781369925911282171e-11 2.290891304874362182e-10 1.767626316429430395e-09
4.102767680644008988e-12 1.899208301264854891e-11 2.160997127665070930e-10 1.658392566259781028e-09
4.360856492329419337e-12 2.088894587445255003e-11 2.046301223427375318e-10 1.557153309347647944e-09
4.675849014541115366e-12 2.273189985255172458e-11 1.923828849671529070e-10 1.459056276306848977e-09
4.557320481267288284e-12 2.339363916688163668e-11 1.789087162194933461e-10 1.358574743478159040e-09
4.126795172215474371e-12 2.312292408930241376e-11 1.669262053648024560e-10 1.259700265654458626e-09
3.959307919317510351e-12 2.305789818990216107e-11 1.588517558812907466e-10 1.169834168417873612e-09
4.148094993039374107e-12 2.335300754747912656e-11 1.541056313618489858e-10 1.090534192310605180e-09
4.132456039413154129e-12 2.297307384901042519e-11 1.512787600247754050e-10 1.020844718125807356e-09
3.567795197712486805e-12 2.141223562066710915e-11 1.509912876637427645e-10 9.666313351197176973e-10
2.821461160883871079e-12 1.946521441335789266e-11 1.543484099289406765e-10 9.394822903782082887e-10
2.338604991516829649e-12 1.784714610175291417e-11 1.597410590906833256e-10 9.453547749537696199e-10
1.984982352725264095e-12 1.605027026716641601e-11 1.638468361264046141e-10 9.777947449031424590e-10
1.440811958973134431e-12 1.336957653906562156e-11 1.656653900182963785e-10 1.021963706050911583e-09
9.123910412508249471e-13 1.037305378051067388e-11 1.671337529317734812e-10 1.061606357966508332e-09
9.012829522845420491e-13 8.348087990122161607e-12 1.693433562807717817e-10 1.083453422164548392e-09
1.379318454281799807e-12 7.595297575294903189e-12 1.705545643632611672e-10 1.082229608601752519e-09
1.743922853729250425e-12 7.282597374653647792e-12 1.691282809027195256e-10 1.065333424117299994e-09
1.663116549650610616e-12 6.947807189880788624e-12 1.663357238430013567e-10 1.048261792047852665e-09
1.477473549457965663e-12 7.100815568809507018e-12 1.643272699206009529e-10 1.040188429031836315e-09
1.574333566562640078e-12 8.038812831339689292e-12 1.626677229179442806e-10 1.035116801117734888e-09
1.802373011699203183e-12 9.023260276964502884e-12 1.591874923323546510e-10 1.020334821921746218e-09
1.833960126192915273e-12 9.286588517618276030e-12 1.536829904122371293e-10 9.915163845634902044e-10
1.768462905565001941e-12 9.191864905836004765e-12 1.483391024218473914e-10 9.552514190643444754e-10
1.929021702448586249e-12 9.589794239479736129e-12 1.442795680068474021e-10 9.183751000856542176e-10
2.237767173544836277e-12 1.042908824917246733e-11 1.400076423058893344e-10 8.810696526359762828e-10
2.284315018949185593e-12 1.089610212307992034e-11 1.341919290331960500e-10 8.417531185218715231e-10
2.005878968124938569e-12 1.078500357443518532e-11 1.280285310661448075e-10 8.027629913489077324e-10
1.828624970597531100e-12 1.078469336979100426e-11 1.233071645936632376e-10 7.670119199618491824e-10
2.000991440431834205e-12 1.124648702125111121e-11 1.195690270728464048e-10 7.326183571468434812e-10
2.203356078042601898e-12 1.155101947489223013e-11 1.151348279504150226e-10 6.958629526103056558e-10
2.072145236477600611e-12 1.114739124516165554e-11 1.101816013421310015e-10 6.580517910491089617e-10
1.773697425829312918e-12 1.050364333239431751e-11 1.066748288485716973e-10 6.248569593778095848e-10
1.699475400759085750e-12 1.035516261503214765e-11 1.053395261023754068e-10 5.991965094092710571e-10
1.812378022208913756e-12 1.049060162184843367e-11 1.047600759471855654e-10 5.792211783523170955e-10
1.725224994381290924e-12 1.008762517696052382e-11 1.039457080186728440e-10 5.639357690517841432e-10
1.356825892304979122e-12 9.040485340218704897e-12 1.038136030819510907e-10 5.561366891514927524e-10
1.070291671494571571e-12 8.108482855899490729e-12 1.050146643847835721e-10 5.573818615576704351e-10
1.086609658573326940e-12 7.695912592752423568e-12 1.059315857307021499e-10 5.636442226866681649e-10
1.160210550077362870e-12 7.301097048983575946e-12 1.045760608858440962e-10 5.693229331116926584e-10
