3.881496057131012716e-04
3.915961856721337240e-04
3.949503930847966782e-04
3.986985355580162935e-04
4.027369519850950851e-04
4.065413428929552501e-04
4.100536858289318526e-04
4.137884767114531929e-04
4.179669295506124567e-04
4.221380047753406752e-04
4.259373899610097028e-04
4.297094932840879087e-04
4.339328612151850412e-04
4.384095666959842027e-04
4.425937824100869373e-04
4.465165766834765172e-04
4.507425106867926743e-04
4.554183790734725587e-04
4.600191999696837575e-04
4.642331755590734486e-04
4.684964960536669421e-04
4.732635279482735034e-04
4.782358762879968949e-04
4.828609415145088753e-04
4.872698937889906540e-04
4.920659189615393236e-04
4.973066573748998343e-04
5.024001981453869942e-04
5.071044927801738461e-04
5.119459059756980863e-04
5.173366840136684819e-04
5.228739879885361229e-04
5.280154701541682613e-04
5.330018949320609271e-04
5.384608629090721502e-04
5.443467991481696451e-04
5.500109195378897076e-04
5.552984653522647198e-04
5.608213974731695878e-04
5.669306619305694876e-04
5.731176384716801971e-04
5.788693776564463479e-04
5.845437527560265424e-04
5.907758047199334651e-04
5.974038286121474695e-04
6.037354197000817553e-04
6.097205339652521242e-04
6.160488934511981242e-04
6.229900645819943985e-04
6.299313543399677646e-04
6.364102760344569161e-04
6.429068778684087718e-04
6.500439644431600964e-04
6.575324375201482092e-04
6.646528319267626730e-04
6.714766620392687360e-04
6.787600650532902690e-04
6.866706476535483147e-04
6.944967967656522209e-04
7.018492086895484388e-04
7.093322468726502702e-04
7.175342216025892839e-04
7.260295647595817626e-04
7.340916845386529508e-04
7.419294095290698398e-04
7.503502159803441748e-04
7.593991256357965911e-04
7.682745894936251346e-04
7.766845451927503535e-04
7.853564059243457523e-04
7.948193293592081951e-04
8.045049519885602964e-04
8.137028854436640507e-04
8.227733964777056517e-04
8.325563120604015290e-04
8.429539113810544104e-04
8.530879028630639202e-04
8.627884921967124985e-04
8.729009903104219042e-04
8.838685845065258643e-04
8.949771366218083014e-04
9.055591716441625414e-04
9.161383080555745824e-04
9.275636776055354391e-04
9.395756980532519228e-04
9.512371119591331130e-04
9.625259712819687983e-04
9.743959646462172592e-04
9.871756325945135226e-04
1.000006061831337908e-03
1.012292733581574098e-03
1.024731709845710069e-03
1.038154212680111486e-03
1.052121352934602596e-03
1.065659650311364705e-03
1.078920675439038390e-03
1.092952120897044879e-03
1.107937707002957291e-03
1.122879407793861417e-03
1.137288973676953271e-03
1.152040535827326745e-03
1.167915942671554587e-03
1.184281935818146201e-03
1.200156935823140734e-03
1.215891309952258064e-03
1.232607030594636563e-03
1.250311753672861577e-03
1.267879428794589213e-03
1.284964603451034353e-03
1.302620958307862094e-03
1.321545198340913496e-03
1.340897825054040461e-03
1.359723149123066291e-03
1.378594711484218242e-03
1.398683171089580395e-03
1.419788306754659170e-03
1.440673446698689710e-03
1.461175668523755121e-03
1.482524818643186264e-03
1.505292345146118371e-03
1.528424780333583139e-03
1.551032799866543591e-03
1.573936090926127259e-03
1.598321981435903453e-03
1.623750595454860309e-03
1.648899456001019174e-03
1.673831208072297429e-03
1.699942857982237416e-03
1.727636129731633047e-03
1.755641184681047424e-03
1.783182904169416981e-03
1.811348243880969841e-03
1.841302175874440184e-03
1.872334219198655558e-03
1.903069812558623539e-03
1.933843865993514722e-03
1.966205160821166663e-03
2.000336940878799912e-03
2.034757510250756896e-03
2.068862496164507788e-03
2.104025062934675953e-03
2.141341144255158764e-03
2.179800565675585767e-03
2.218021356721815423e-03
2.256661739200564992e-03
2.297399655156543048e-03
2.340146903205756693e-03
2.383223490726650573e-03
2.426262996214571116e-03
2.470941333617771365e-03
2.518230340208131406e-03
2.566794606247465270e-03
2.615303862975430511e-03
2.664797048065445720e-03
2.717051457526087604e-03
2.771651788222551007e-03
2.826747334837945679e-03
2.882293066670872563e-03
2.940284773976629788e-03
3.001508994789344170e-03
3.064288478583622900e-03
3.127425937500899911e-03
3.192410069830386391e-03
3.261082383510114941e-03
3.332645410982878770e-03
3.405126744731974513e-03
3.478909107351618561e-03
3.556326415259678485e-03
3.637909833624433306e-03
3.721634023847172641e-03
3.806544418380538794e-03
3.894664698139485830e-03
3.987859908498902692e-03
4.084895799002894942e-03
4.183751385700622792e-03
4.285367350596534439e-03
4.392434168411582171e-03
4.505161355563410026e-03
4.621224347712633157e-03
4.740125346737511514e-03
4.864613651127117772e-03
4.996628570379535624e-03
5.134569415607919893e-03
5.276636880877451190e-03
5.424697279061105847e-03
5.582039350459514285e-03
5.748694852692096992e-03
5.922319746409226635e-03
6.103316875587329327e-03
6.295499911022538198e-03
6.500955722832828416e-03
6.717718121758778534e-03
6.944350924080355814e-03
7.183799155548565608e-03
7.439866593998732854e-03
7.712136907411054794e-03
7.997981264615861702e-03
8.298275282743121373e-03
8.616880894348033504e-03
8.954507011568564254e-03
9.307651462410620330e-03
9.675280566540401042e-03
1.006267736257684259e-02
1.047612270843007939e-02
1.091735390764133305e-02
1.138730315043577461e-02
1.189293847374136084e-02
1.244552177863708815e-02
1.305314555936447178e-02
1.372055567345195799e-02
1.445713879617889150e-02
1.527967921475530295e-02
1.620499902900378666e-02
1.724524768393010873e-02
1.841477346972112544e-02
1.973725159408002208e-02
2.123947527758888315e-02
2.293966320356829666e-02
2.484836436543543317e-02
2.698110142587629642e-02
2.936419368395625298e-02
3.202722105485397708e-02
3.499558202991932820e-02
3.829041761788787995e-02
4.192517720262609743e-02
4.589689752454233218e-02
5.019594507560495161e-02
5.485025450374633044e-02
5.997568122508690341e-02
6.578637163477719929e-02
7.256217352633573259e-02
8.061703990538944542e-02
9.029766582311554712e-02
1.019943280480560405e-01
1.161429754866105113e-01
1.332367771971824377e-01
1.538670241228796420e-01
1.787555616346210852e-01
2.087069630662602149e-01
2.444621049775762833e-01
2.865220787280612358e-01
3.350445297937150180e-01
3.898836491972734186e-01
4.507730214908465816e-01
5.175149539333966375e-01
5.898781992873172175e-01
6.669458738121418762e-01
7.461039925966946873e-01
8.224703981211349824e-01
8.896426657307211494e-01
9.417922688551465527e-01
9.759235989044491300e-01
9.927222552353900387e-01
9.953812200118411502e-01
9.873345935900335046e-01
9.705697213420764191e-01
9.455400131769349237e-01
9.123642645630199999e-01
8.721482938473834601e-01
8.274381993515789180e-01
7.816342070623811811e-01
7.379283852395399634e-01
6.985176106755378589e-01
6.644951199938344821e-01
6.362852027483328898e-01
6.141707645874343591e-01
5.985560323959876472e-01
5.899130549157771686e-01
5.885331178462744894e-01
5.941539942580632561e-01
6.055119360405467610e-01
6.200542264546858862e-01
6.342092168637011307e-01
6.443656326072090268e-01
6.481198418848943543e-01
6.449819089900699076e-01
6.360475518226912373e-01
6.229173372262901687e-01
6.066765576911229418e-01
5.875978405012902694e-01
5.656043645476779291e-01
5.409948805907217606e-01
5.148511222986780211e-01
4.888797396522616134e-01
4.648793033888236614e-01
4.442538268035156057e-01
4.278821422283340947e-01
4.163239231489763714e-01
4.100921198035742399e-01
4.097468785706444572e-01
4.157847109428520205e-01
4.284634116690037020e-01
4.476933739342471852e-01
4.730229082437252264e-01
5.036662474892047436e-01
5.384875232015632340e-01
5.758660083506389471e-01
6.134866905964381223e-01
6.483005651613966691e-01
6.769540739080776026e-01
6.966906587534933415e-01
7.062505229146032182e-01
7.061283520046189865e-01
6.979639121189744611e-01
6.835074319720015890e-01
6.638979993525735424e-01
6.396662548544256310e-01
6.112728838309829937e-01
5.796549004772851843e-01
5.463691664117820146e-01
5.132888267368244106e-01
4.821109358154828106e-01
4.540044971946169960e-01
4.295761148408374641e-01
4.090864019182878786e-01
3.926978278551849777e-01
3.805799675574625396e-01
3.728588416772412595e-01
3.694883990737844459e-01
3.700868837521958388e-01
3.737539364775102069e-01
3.789724719427535748e-01
3.837829545686299859e-01
3.862947369083264415e-01
3.853020845029879737e-01
3.806008253635446148e-01
3.727802463438315006e-01
3.626583072013830900e-01
3.507766097640897529e-01
3.372722219631819063e-01
3.221244828287242457e-01
3.055172123268751760e-01
2.880291826523769250e-01
2.705370783542880297e-01
2.539348289003840464e-01
2.388861049228731548e-01
2.257646387143006084e-01
2.147669775797388103e-01
2.060578853886637640e-01
1.998276046144896456e-01
1.962506738622372127e-01
1.954108096075427847e-01
1.972439378903433349e-01
2.015087661122574314e-01
2.077805507827315545e-01
2.154668303573041011e-01
2.238346452516938867e-01
2.320370598354680458e-01
2.391592394580805414e-01
2.443313952886791429e-01
2.469122337128742128e-01
2.466526848928086435e-01
2.437162730373076402e-01
2.385234291811437757e-01
2.315244587056608239e-01
2.230538383862533391e-01
2.133377221703760540e-01
2.026045981176274602e-01
1.911902416714442721e-01
1.795567532858253212e-01
1.682175197372632325e-01
1.576228305220269410e-01
1.480809955334524419e-01
1.397566575249576393e-01
1.327262658854902466e-01
1.270334064394571805e-01
1.227050264872878299e-01
1.197340558770098179e-01
1.180510966043632481e-01
1.174914667542270169e-01
1.177581151147288757e-01
1.184078591564515087e-01
1.189071021112481780e-01
1.187657148067629703e-01
1.176850281372915363e-01
1.156238465212695438e-01
1.127371669644275792e-01
1.092341213799402910e-01
1.052547167592893934e-01
1.008400387260407066e-01
9.599568475683310786e-02
9.078362235540225755e-02
8.536749376573178616e-02
7.998166964204049545e-02
7.485573937483176732e-02
7.015404538875200102e-02
6.596606994620846098e-02
6.233675391127998372e-02
5.930077417506929988e-02
5.689604927067950374e-02
5.515632764187528014e-02
5.409456845326292285e-02
5.368648313680836337e-02
5.385987926597010644e-02
5.449424799946155779e-02
5.543104575372150011e-02
5.648918181669768807e-02
5.748027753906731485e-02
5.822485591779417990e-02
5.857349475296717151e-02
5.843009419876812882e-02
5.776581937292479124e-02
5.661354775201687256e-02
5.504403195467031523e-02
5.313641762360103021e-02
5.095864747811756912e-02
4.856644490969800471e-02
4.601716426675940552e-02
4.338437176174709392e-02
4.075899683298790654e-02
3.823485435169295121e-02
3.588995176292007760e-02
3.377700906797653085e-02
3.192623504818122709e-02
3.035317823567524817e-02
2.906424466654813216e-02
2.805837164795070560e-02
2.732613736354790393e-02
2.684611157299408510e-02
2.657841879843303445e-02
2.645927125277225053e-02
2.640280444478849964e-02
2.631392976005402992e-02
2.610967267983883844e-02
2.574037652572712040e-02
2.519939185621949615e-02
2.451385991892259322e-02
2.372085836144812582e-02
2.284502349240122299e-02
2.189344596805976872e-02
2.086871675193421524e-02
1.978551573353515974e-02
1.867575937927803270e-02
1.758053191471305177e-02
1.653805117883063586e-02
1.557614608988416340e-02
1.471094590790506494e-02
1.394987272539108085e-02
1.329682016820268528e-02
1.275647594605738497e-02
1.233424734661573048e-02
1.203170534783217123e-02
1.184208308329236584e-02
1.174976811231436512e-02
1.173257546005814465e-02
1.176344003157312260e-02
1.181160800153573977e-02
1.184598837117627722e-02
1.184040851355789431e-02
1.177701475162868522e-02
1.164604839820031733e-02
1.144457366126029260e-02
1.117635399623189037e-02
1.085101881849994017e-02
1.048041470942443973e-02
1.007462137124702853e-02
9.641864552817252035e-03
9.191787184162468136e-03
8.737139312274082997e-03
8.291587327365054771e-03
7.866792832751608178e-03
7.471969060517570302e-03
7.114629604419321802e-03
6.799956831759820970e-03
6.529708948863006783e-03
6.303184133556113955e-03
6.119400592775289457e-03
5.977162685504009733e-03
5.872664293023892139e-03
5.798045305017327303e-03
5.742744505072888174e-03
5.695398996265228254e-03
5.644327313220155740e-03
5.578420802604554599e-03
5.490366899427836893e-03
5.379611427924532036e-03
5.250907569430078581e-03
5.109285796241767701e-03
4.956841667660724475e-03
4.794051786193889199e-03
4.622508637377991531e-03
4.445426623121419632e-03
4.266640492594642523e-03
4.090519964123804156e-03
3.922269742118328524e-03
3.766578475170132868e-03
3.625553142033790220e-03
3.498965777890623158e-03
3.386796406619862858e-03
3.290501224171074428e-03
3.211333001890663650e-03
3.148512548019951045e-03
3.099929594800358672e-03
3.063737196689471538e-03
3.037934342453647418e-03
3.018782527510071884e-03
3.001194487204824225e-03
2.981119107819813797e-03
2.956638987609031162e-03
2.926554930327356866e-03
