1.378172255846680030e-02
1.425286634676932798e-02
1.486734349570935018e-02
1.562960886464105636e-02
1.654025301356824157e-02
1.759590771425462510e-02
1.878760026788204446e-02
2.009707669094186813e-02
2.149307501726496761e-02
2.293196670991655417e-02
2.436494493159743757e-02
2.574773567365667981e-02
2.704535113524669451e-02
2.822823893391522218e-02
2.926382652060400061e-02
3.011165670680730072e-02
3.072790286860667408e-02
3.107868593213925293e-02
3.115578781708720074e-02
3.098646148994964322e-02
3.063249615835218764e-02
3.018044173974625613e-02
2.972937388494156438e-02
2.938083828297580885e-02
2.923056817443059341e-02
2.935983017288971986e-02
2.982734311864615809e-02
3.066537640328950709e-02
3.188199250228712645e-02
3.346814398312888961e-02
3.540699781164765442e-02
3.768179732748933031e-02
4.027596186165546127e-02
4.316008658254403413e-02
4.627090300127263689e-02
4.950049071169192877e-02
5.271327995700536562e-02
5.578724477546185417e-02
5.865093676959150237e-02
6.128490312371552562e-02
6.368171553383607242e-02
6.579404289527597538e-02
6.751599818843971590e-02
6.872398659009974764e-02
6.935975349665499112e-02
6.950188552380609508e-02
6.937437591841985607e-02
6.928486794851682062e-02
6.953508670509825351e-02
7.035774790673302026e-02
7.190151914295260516e-02
7.424662296081244173e-02
7.742564661495546230e-02
8.144116859107224105e-02
8.628088834019913278e-02
9.192139875695895523e-02
9.830753715246229318e-02
1.053138666301468851e-01
1.127199634596598304e-01
1.202296086210807441e-01
1.275318338702076115e-01
1.343672466510400232e-01
1.405543423278558246e-01
1.459542029249558115e-01
1.503962421003997851e-01
1.536268715435532284e-01
1.553423170040648948e-01
1.553100957961551509e-01
1.535077255326736945e-01
1.501837361114406189e-01
1.458051551546112878e-01
1.409413667915732360e-01
1.361627054044823870e-01
1.319881192143005089e-01
1.288629174243807740e-01
1.271400533444816960e-01
1.270624788064513566e-01
1.287564562613423835e-01
1.322396277414530918e-01
1.374454046811786345e-01
1.442660241702313217e-01
1.525981829024973813e-01
1.623478840799600920e-01
1.733635919948665616e-01
1.853343255166921000e-01
1.977494810919978308e-01
2.099921317362870854e-01
2.215307286309201595e-01
2.320764819953470837e-01
2.415755914866011267e-01
2.500182979008139239e-01
2.571973567068787103e-01
2.626244870432495881e-01
2.657315299321081903e-01
2.662699588065811085e-01
2.646381065271819488e-01
2.618880294615915094e-01
2.593999703772009724e-01
2.584541138649629199e-01
2.599578380691454083e-01
2.644083091586344469e-01
2.719936815802389551e-01
2.827158259013086150e-01
2.964943595100283380e-01
3.132410593777075758e-01
3.328565351259293315e-01
3.551053509348875981e-01
3.794241869604265127e-01
4.048171139528755069e-01
4.299702031118176060e-01
4.535682810216667415e-01
4.746294038340613253e-01
4.926146218021471013e-01
5.071905986439306790e-01
5.177844760985170769e-01
5.233004146741674356e-01
5.223329389558636349e-01
5.138527795442948687e-01
4.979230846768549212e-01
4.759259966045372159e-01
4.501492504770099878e-01
4.230607509639433550e-01
3.967487029193985659e-01
3.727513767439351033e-01
3.521603743866558722e-01
3.357641536157381368e-01
3.241062907162268192e-01
3.174714027728640087e-01
3.158654216620571664e-01
3.190493987096207351e-01
3.266480562109002062e-01
3.382794998837087008e-01
3.535862474710853021e-01
3.720923231343146176e-01
3.929784286874368759e-01
4.150020049561222724e-01
4.367214803833449066e-01
4.569352719489616077e-01
4.750266413281816757e-01
4.909178671322210752e-01
5.046055838484393430e-01
5.156011741693761197e-01
5.227651100656673933e-01
5.248087041276542353e-01
5.212257298277745976e-01
5.130064112469290283e-01
5.025797232795694569e-01
4.930014232653037731e-01
4.869514544555753610e-01
4.861396642205591534e-01
4.912879341335700256e-01
5.024438540645627116e-01
5.193299382810505627e-01
5.416109118931640154e-01
5.690477656533908801e-01
6.014464675773042446e-01
6.383264676248994185e-01
6.784522293827702777e-01
7.195985197839183112e-01
7.588712184715254994e-01
7.935315293516518320e-01
8.218276494056040438e-01
8.431868887101804377e-01
8.574783843644209202e-01
8.637856583677674394e-01
8.597011835256024304e-01
8.419739165580558682e-01
8.083422683683529897e-01
7.593230597002554871e-01
6.985999298862705098e-01
6.316852848716056901e-01
5.638283858310513263e-01
4.985576038691565959e-01
4.375207858699133867e-01
3.812336615358112857e-01
3.298994039075185958e-01
2.837816943146217463e-01
2.431546298551837682e-01
2.081080584493446850e-01
1.784240725434293462e-01
1.535928209472635642e-01
1.329398617299306362e-01
1.157856469231264007e-01
1.015475429111391409e-01
8.974930915566792233e-02
7.998172771091845157e-02
7.187605635093941014e-02
6.510121578378567919e-02
5.935908239144270515e-02
5.437581014979266103e-02
4.991519663955956004e-02
4.581517129808710537e-02
4.200699330209406446e-02
3.848792251946719922e-02
3.527083523381960989e-02
3.235472651024823981e-02
2.972568601256300388e-02
2.736461968063782710e-02
2.524768196292407132e-02
2.334861877665407245e-02
2.164788737726204906e-02
2.013571287291243683e-02
1.880178400829912375e-02
1.762569240643366286e-02
1.658228942731847927e-02
1.565327937728095212e-02
1.482770067950509897e-02
1.409282349901361427e-02
1.343165866594935899e-02
1.283063978367902057e-02
1.228375767429838727e-02
1.178614021882492049e-02
1.132811969042875691e-02
1.089954185590731595e-02
1.049651201988517982e-02
1.011899191771007019e-02
9.763458877055555818e-03
9.423086730810213349e-03
9.095023605332515707e-03
8.782443846523758230e-03
8.487913049804911639e-03
8.208882849557994077e-03
7.942080081366003144e-03
7.688662947067714803e-03
7.451350727728839676e-03
7.228696482128343925e-03
7.016364736733119584e-03
6.813206773892242427e-03
6.621878193857747875e-03
6.443103264521270711e-03
6.273320652549920981e-03
6.109542023340645313e-03
5.953132019752047088e-03
5.806271633953861630e-03
5.667252859481446310e-03
5.532507838663497032e-03
5.401786800400328048e-03
5.277730025912892933e-03
5.160686837504720355e-03
5.047562076564956861e-03
4.936513492233274118e-03
4.829497501694756355e-03
4.728461085160694244e-03
4.631703398166898793e-03
4.536478887917368141e-03
4.443321214530111633e-03
4.354798076577860375e-03
4.270903166505995996e-03
4.188873817243659974e-03
4.107640731794513951e-03
4.029358247843999909e-03
3.955517241754699133e-03
3.884265701165994216e-03
3.813396039146804434e-03
3.743874629845427449e-03
3.677990114804407205e-03
3.615333454743860277e-03
3.553388249153708722e-03
3.491649108157548771e-03
3.432296917087904360e-03
3.376366468513899988e-03
3.321915594670147697e-03
3.267225372518667292e-03
3.213572031756254353e-03
3.162931999124739442e-03
3.114560454678203232e-03
3.066199444621948988e-03
3.017806158135382007e-03
2.971505017605817565e-03
2.927910297564987989e-03
2.885048887286002350e-03
2.841644525797922937e-03
2.799180745523384851e-03
2.759302913681512762e-03
2.720994639116928668e-03
2.682268472620977316e-03
2.643460792045849734e-03
2.606577259707869472e-03
2.571850099750776306e-03
2.537327466368631892e-03
2.502136228548601342e-03
2.467886129470202219e-03
2.435887510109730793e-03
2.404915327415756490e-03
2.373263687349792123e-03
2.341578611354848665e-03
2.311702899373267815e-03
2.283530260482154704e-03
2.255178078394209570e-03
2.226141093487619613e-03
2.198089356880037100e-03
2.172003972753198779e-03
2.146510451298725732e-03
2.120191290040724947e-03
2.093940304481975521e-03
2.069404929184424230e-03
2.046184741979430958e-03
2.022507117213789233e-03
1.998199363199692959e-03
1.974935868763595063e-03
1.953380560407176614e-03
1.932063893735294895e-03
1.909858369653374705e-03
1.887849015941740803e-03
1.867464560710928095e-03
1.848055004588111715e-03
1.827991638895348032e-03
1.807398453697559764e-03
1.787906508645575659e-03
1.769879765708146004e-03
1.751803318004000647e-03
1.732836199058320360e-03
1.714202406267701945e-03
1.697096458605179157e-03
1.680663046225114874e-03
1.663444740405696639e-03
1.645825525544783972e-03
1.629352704978775587e-03
1.614111726124689561e-03
1.598587271453870287e-03
1.582216559157750271e-03
1.566314163393424949e-03
1.551831763637438050e-03
1.537752261700312982e-03
1.522810555186334498e-03
1.507613215869023490e-03
1.493589971595435644e-03
1.480572712470629246e-03
1.467085878913136415e-03
1.452832007178085638e-03
1.439171575351944413e-03
1.426810965526177383e-03
1.414613644277451163e-03
1.401521833407104803e-03
1.388326847703301057e-03
1.376313238730881303e-03
1.365087152146633471e-03
1.353248104905126290e-03
1.340746999301941408e-03
1.328949311840280654e-03
1.318319249795557374e-03
1.307641594000723620e-03
1.296075117652754774e-03
1.284557989562987732e-03
1.274207927156403158e-03
1.264435370752130337e-03
1.253945305595407719e-03
1.242916450759424954e-03
1.232682283868105806e-03
1.223472991953632270e-03
1.214033377327521437e-03
1.203742523068648774e-03
1.193647977148213626e-03
1.184684679290685201e-03
1.176099005854044140e-03
1.166726810736356612e-03
1.156951016647713836e-03
1.148040193954703338e-03
1.140003155286792866e-03
1.131580958460500505e-03
1.122371623193553448e-03
1.113495508607350182e-03
1.105694322839961092e-03
1.098082998478635067e-03
1.089648632512170380e-03
1.080952243260606361e-03
1.073168857399419904e-03
1.066102498073927783e-03
1.058523829611240832e-03
1.050243682406723543e-03
1.042420067980476131e-03
1.035596251543332343e-03
1.028788700943242566e-03
1.021151114636606721e-03
1.013394599061421490e-03
1.006576432007105131e-03
1.000315799322822660e-03
9.934430645235445972e-04
9.859714142656595195e-04
9.790632555449591771e-04
9.730631563028387587e-04
9.669218480436210386e-04
9.599700377762953154e-04
9.530396250620698463e-04
9.470504818143187561e-04
9.414596833235736820e-04
9.351837979722893955e-04
9.284240550102310302e-04
9.223163681983502374e-04
9.170109782471385718e-04
9.114247682213059932e-04
9.050710360257080466e-04
8.988725097367683070e-04
8.935966081412906629e-04
8.885631869034449608e-04
8.827976663470073551e-04
8.766716562277290401e-04
8.712664828914682292e-04
8.665466712363927970e-04
8.614257430962613633e-04
8.556005368102273263e-04
8.500545874415667887e-04
8.453924204438860186e-04
8.408231053678011640e-04
8.354994968523173906e-04
8.299431213396233319e-04
8.251557926474862182e-04
8.209287399722922738e-04
8.162006900603874108e-04
8.108485963899704756e-04
8.058873187409233349e-04
8.017525838879246405e-04
7.975700269195539838e-04
7.926343202663487745e-04
7.875942163196519375e-04
7.833505733748902505e-04
7.795370751871401110e-04
7.751438276966855518e-04
7.702204214515241329e-04
7.657846663710629696e-04
7.621019762041806971e-04
7.582422038116648196e-04
7.536519659399074176e-04
7.490829169958648564e-04
7.453172427456741540e-04
7.418496437737430189e-04
7.377449753132160701e-04
7.332143160208390992e-04
7.292516889977916422e-04
7.259548565384112790e-04
7.223652418233181922e-04
7.180872956983262419e-04
7.139502197869767924e-04
7.106037053054794659e-04
7.074242943545463883e-04
7.035718112628730177e-04
6.994044384124788877e-04
6.958677940979037229e-04
6.928985432030094344e-04
6.895361596843965985e-04
6.855446800205783212e-04
6.818050673944491338e-04
6.788246818834291338e-04
6.758844227183815343e-04
6.722558792428715100e-04
6.684271988647168782e-04
6.652735198109080471e-04
6.625805091851206781e-04
6.594107658795086068e-04
6.556857000581812729e-04
6.523124064063632590e-04
6.496500729461321963e-04
6.469075797334762363e-04
6.434814568081326626e-04
6.399704410420087005e-04
6.371600164186942087e-04
6.346980939104243050e-04
6.316935789476716074e-04
6.282193270696549529e-04
6.251836517838370473e-04
6.227956541836474546e-04
6.202163438481113735e-04
6.169766308328756112e-04
6.137647724607041668e-04
6.112606120140896609e-04
6.089902360598416046e-04
6.061297161116805440e-04
6.028940221798107001e-04
6.001690176649073036e-04
5.980155806627896874e-04
5.955709520348278357e-04
5.925060900738709103e-04
5.895765683618871440e-04
5.873440009164687843e-04
5.852307809535549224e-04
5.824983184652553388e-04
5.794913375811817707e-04
5.770513073559565241e-04
5.750963048978991214e-04
5.727633075961321638e-04
5.698652650922803953e-04
5.672022894538631625e-04
5.652087054744549905e-04
5.632230244263548846e-04
5.606071855763090613e-04
5.578207011982863877e-04
5.556408529754521377e-04
5.538516086855832261e-04
5.516120745811571580e-04
5.488755338824107119e-04
5.464638390621100097e-04
5.446785444030482950e-04
5.427952349861237631e-04
5.402883694350103490e-04
5.377151412825057928e-04
5.357713672974867948e-04
5.341185184687518564e-04
5.319586361779012843e-04
5.293802768084192615e-04
5.272047483769668180e-04
