2.446352656593293765e-14 8.760128176538709633e-14 5.526116091764713267e-13 1.700368350862510282e-12
2.496782044737528250e-14 8.957140817106325286e-14 5.654771876443324366e-13 1.739938608745259343e-12
2.557776077626213009e-14 9.171227905815985686e-14 5.788154564186101997e-13 1.780702858001260212e-12
2.626208798989275702e-14 9.397237108759290453e-14 5.924445335847599289e-13 1.822412889957967349e-12
2.688539249850347009e-14 9.618307771877787912e-14 6.062352375891766000e-13 1.864879672381596365e-12
2.743791229191615237e-14 9.834697898983535672e-14 6.203510971577573382e-13 1.908346244218587007e-12
2.805844136446146811e-14 1.006432241630117709e-13 6.349943053169476051e-13 1.953132876571256455e-12
2.880202405111440904e-14 1.031287007481947394e-13 6.500746231992067229e-13 1.999135106083801022e-12
2.954220280805663069e-14 1.056374033226246970e-13 6.653688852950057702e-13 2.046033914236136746e-12
3.018216206641850934e-14 1.080600184427558246e-13 6.809170258538783816e-13 2.093886325730646430e-12
3.082379998485405251e-14 1.105377602147002724e-13 6.969818409377958213e-13 2.143094440345310715e-12
3.160131138694052416e-14 1.132324720777595693e-13 7.136232277454358652e-13 2.193779557714644357e-12
3.245195427298483502e-14 1.160513923937391046e-13 7.306046236255546757e-13 2.245615058381924795e-12
3.321671142265692600e-14 1.187993829152011887e-13 7.478072456386224153e-13 2.298426073438972948e-12
3.391137887653098282e-14 1.215143807277943099e-13 7.654595594830994399e-13 2.352554997405340977e-12
3.470778374200186020e-14 1.244153106264780028e-13 7.837783274111687412e-13 2.408352457414925501e-12
3.564505464371468803e-14 1.275356507586429816e-13 8.026150175742273012e-13 2.465633803850363424e-12
3.655739581781478227e-14 1.306612358247269463e-13 8.217176447740877760e-13 2.524036986886354866e-12
3.735230832970559634e-14 1.336927066591782701e-13 8.411829754393485784e-13 2.583703735366081747e-12
3.817441713283201193e-14 1.368256602696047455e-13 8.613273978895684627e-13 2.645123360649621874e-12
3.916731490865410008e-14 1.402298384663478753e-13 8.821741105289033388e-13 2.708372303912072972e-12
4.022689897601872229e-14 1.437591628006203068e-13 9.034245738317958199e-13 2.773034766661121037e-12
4.117141276807677534e-14 1.471942263000202215e-13 9.249844367084823623e-13 2.838970970590520810e-12
4.205290421348503668e-14 1.506219592102689435e-13 9.471608100029269573e-13 2.906644962111402685e-12
4.307884604803040581e-14 1.543033615045481934e-13 9.701763843677682734e-13 2.976427489566134232e-12
4.426218341787356577e-14 1.582352656184807865e-13 9.938089024371383889e-13 3.048031745280861994e-12
4.539183077565673824e-14 1.621489861262631217e-13 1.017783376854247583e-12 3.121061071391912733e-12
4.638852996527678965e-14 1.659672418274250552e-13 1.042273233941342193e-12 3.195772550733023064e-12
4.744883122696528337e-14 1.699509002633755261e-13 1.067650632955856006e-12 3.272748914095692332e-12
4.871944032059162619e-14 1.742687548927592212e-13 1.093883982574825531e-12 3.351997029588967165e-12
5.004333873145810900e-14 1.787075174508534341e-13 1.120606685703529625e-12 3.433003000065863578e-12
5.121899691449633124e-14 1.830286710908662718e-13 1.147767898434376175e-12 3.515690847585074902e-12
5.234788441784666033e-14 1.873847331020912028e-13 1.175768070326107075e-12 3.600670795825666867e-12
5.367437008237219518e-14 1.920791181547346200e-13 1.204822857273161169e-12 3.688317751423131622e-12
5.517193892977777741e-14 1.970551536491675263e-13 1.234619071152554078e-12 3.778218341353441765e-12
5.657874936034872850e-14 2.019842761234514823e-13 1.264869192239869691e-12 3.869956766819759252e-12
5.784106474116669721e-14 2.068276679189321136e-13 1.295847237978561746e-12 3.963942873342087527e-12
5.921718441548576985e-14 2.119228288929550679e-13 1.327980533325015147e-12 4.060855830385977884e-12
6.084736123259872015e-14 2.174245783710406311e-13 1.361160182067257203e-12 4.160602164957006622e-12
6.250842023175560573e-14 2.230368122227937776e-13 1.394947749021623799e-12 4.262564484028546051e-12
6.398496855893059248e-14 2.285110497697792908e-13 1.429361225716435124e-12 4.366769059511260582e-12
6.544384787235457923e-14 2.340852538349692625e-13 1.464909617578024262e-12 4.473998641138703841e-12
6.716543706396380872e-14 2.401026384257579987e-13 1.501783122953867655e-12 4.584609146503322671e-12
6.906691291253390154e-14 2.464319462235341319e-13 1.539559057557781450e-12 4.698034505450966047e-12
7.083134446062126949e-14 2.526812903694378217e-13 1.577954144704139029e-12 4.813864859381154504e-12
7.244698159528881914e-14 2.588719593878946641e-13 1.617371476531718822e-12 4.932707929896233411e-12
7.424393262706782428e-14 2.654293569948482655e-13 1.658288911106880197e-12 5.055337644469930868e-12
7.634216654292551041e-14 2.724759536447136334e-13 1.700492786758136677e-12 5.181522787214570901e-12
7.843753045012251276e-14 2.796157886345399717e-13 1.743472870199451343e-12 5.310542951126875050e-12
8.031071773659867234e-14 2.866049544435789000e-13 1.787349027211154848e-12 5.442577246634635920e-12
8.221295172522286759e-14 2.937902351728516852e-13 1.832753863193092988e-12 5.578608490462140368e-12
8.445655652051235147e-14 3.015477577240286619e-13 1.879826907657814257e-12 5.718941641462725855e-12
8.688136450470264139e-14 3.096457612946614574e-13 1.928016808713038187e-12 5.862831344959070816e-12
8.911307872139215599e-14 3.176287797031954118e-13 1.977069753006569723e-12 6.009911730796549297e-12
9.120357410438629609e-14 3.256062840600514753e-13 2.027551370360959649e-12 6.161042257991321878e-12
9.356444636864069832e-14 3.341019062995013373e-13 2.079979809392452158e-12 6.317083366208132648e-12
9.627606205927773156e-14 3.431806190865072227e-13 2.134003816807794844e-12 6.477621720966279799e-12
9.893716594700316146e-14 3.523286723104809212e-13 2.189047340992484910e-12 6.641843564383426375e-12
1.013399500483266886e-13 3.613284673831698767e-13 2.245374641540541826e-12 6.810146554940392799e-12
1.038423060865150102e-13 3.706626561095963666e-13 2.303755794995273626e-12 6.983741414817224403e-12
1.067798625831837510e-13 3.807273865874494821e-13 2.364246135844445603e-12 7.162839573834208842e-12
1.098892242260072863e-13 3.911590302186470062e-13 2.426147127801536408e-12 7.346491447195209631e-12
1.127398116625157786e-13 4.014432540901393478e-13 2.489270874456852586e-12 7.534430583335073896e-12
1.154751181168703481e-13 4.118136125351875428e-13 2.554384375868409556e-12 7.727831977235706152e-12
1.185965833573689949e-13 4.229000810508204135e-13 2.622028227058352997e-12 7.927625523092276401e-12
1.221186450776445361e-13 4.346764806392400674e-13 2.691675181455639142e-12 8.133164524913227459e-12
1.255260589835261157e-13 4.464933822828757345e-13 2.762698244734020123e-12 8.343565351827936980e-12
1.286452428230894895e-13 4.581907687542223662e-13 2.835560251012620762e-12 8.559528819028067088e-12
1.319664265213939594e-13 4.704178642941623286e-13 2.911180060961485013e-12 8.782520510271092284e-12
1.358334541870336290e-13 4.835696599919272281e-13 2.989485262973008884e-12 9.012603334539874902e-12
1.398482946462040024e-13 4.971133141951395359e-13 3.069614291782152406e-12 9.248603512145307538e-12
1.435303618978182217e-13 5.104877838187662867e-13 3.151496531794129209e-12 9.490432715204736748e-12
1.471505254806927174e-13 5.240960760693009968e-13 3.236144899350424499e-12 9.739656646136123649e-12
1.513057046099683600e-13 5.386785921949220355e-13 3.324094515260793656e-12 9.997246164072538849e-12
1.559091807003420887e-13 5.540737482855465315e-13 3.414598345575972994e-12 1.026226399568512888e-11
1.603150089391971017e-13 5.694801123049734673e-13 3.507006373184191078e-12 1.053380047925956220e-11
1.644162983482778667e-13 5.848391024662439900e-13 3.602048591162038812e-12 1.081296800920861743e-11
1.688645827712023308e-13 6.010006017340870240e-13 3.700799535540346806e-12 1.110151166006621065e-11
1.739878704100055618e-13 6.183259769807811650e-13 3.803003634941594112e-12 1.139927674606440391e-11
1.792159107162901039e-13 6.360694847497060927e-13 3.907626286367666743e-12 1.170485553575306817e-11
1.840321554841220154e-13 6.536464284855749201e-13 4.014785357353807547e-12 1.201844781897956534e-11
1.888800576145928551e-13 6.716860587007169238e-13 4.125790248078430433e-12 1.234209843262790094e-11
1.944528723849384312e-13 6.910366420820131484e-13 4.241129583750865557e-12 1.267677637459490077e-11
2.005162330016018074e-13 7.113438157384925299e-13 4.359788242266879642e-12 1.302119285887531941e-11
2.062784984182189996e-13 7.316417917667387841e-13 4.481140036466149896e-12 1.337448577514163234e-11
2.117448718321233017e-13 7.520338672517341676e-13 4.606268658619087434e-12 1.373831794263039023e-11
2.177600461475071972e-13 7.736073643807297865e-13 4.736404355848383399e-12 1.411473463827877947e-11
2.245997845441255923e-13 7.966423096171664609e-13 4.871039296821971897e-12 1.450327932693227168e-11
2.314773196847289923e-13 8.201300121917080765e-13 5.008966599670974641e-12 1.490231893143255231e-11
2.378655975577675276e-13 8.435009425239831581e-13 5.150590404629468564e-12 1.531249380194842564e-11
2.444373245969635542e-13 8.676811362635704109e-13 5.297573517902326296e-12 1.573643231748695433e-11
2.519751591703437179e-13 8.936138096949506173e-13 5.450300347379746386e-12 1.617504152523659848e-11
2.600363711008588571e-13 9.206783177456263442e-13 5.607436999504855734e-12 1.662662106306254330e-11
2.676728083663823542e-13 9.477398918768821154e-13 5.768455401909206373e-12 1.709047336050536775e-11
2.750643788529433185e-13 9.751460911000959154e-13 5.934902224920276588e-12 1.756899018206989971e-11
2.832827539966180986e-13 1.004259836632472432e-12 6.108153546517158463e-12 1.806453239783283137e-11
2.924980676112597313e-13 1.035211611349271720e-12 6.287364994583845954e-12 1.857624243264491006e-11
3.016557520108195936e-13 1.066674020028030433e-12 6.471176659985621344e-12 1.910230163925534354e-11
3.102603166240901031e-13 1.098154213453488153e-12 6.660412830692044169e-12 1.964400181582671094e-11
3.192842674457498547e-13 1.130962120198810549e-12 6.857153536078594061e-12 2.020467961925032378e-11
3.295805338805185593e-13 1.166107360157053181e-12 7.061600460338327032e-12 2.078510047299330813e-11
3.404193721356468308e-13 1.202609845823737325e-12 7.272052184659731931e-12 2.138310189621535014e-11
3.506933906638394029e-13 1.239174793320658527e-12 7.488193013059316211e-12 2.199833164443979509e-11
3.608428044732510920e-13 1.276505623515533796e-12 7.712171375436550052e-12 2.263414218491797427e-11
3.722002858650912353e-13 1.316278132877655825e-12 7.945485763894557326e-12 2.329321962961429554e-11
3.847536395032825884e-13 1.358377623668869046e-12 8.186855313244274976e-12 2.397419434654943722e-11
3.971225037575077743e-13 1.401098382449865699e-12 8.434817097997402746e-12 2.467515347434587817e-11
4.089091605551200015e-13 1.444118489071479025e-12 8.690799341251723820e-12 2.539833332219937403e-11
4.214732348038799397e-13 1.489238905756287475e-12 8.957371216694395115e-12 2.614793141157872522e-11
4.357001040388205220e-13 1.537483984382620125e-12 9.234448208113653744e-12 2.692447197097137819e-11
4.504717693881520805e-13 1.587397382271631856e-12 9.519922779285024660e-12 2.772530519405832772e-11
4.645331492434874321e-13 1.637556078449943444e-12 9.813864895998356620e-12 2.855070006206127191e-11
4.787013407093886151e-13 1.689170312317873590e-12 1.011920317532925600e-11 2.940527565447221338e-11
4.946011316234385025e-13 1.744261470535581152e-12 1.043751779387165641e-11 3.029204957838719890e-11
5.119291795356666180e-13 1.802337385096784935e-12 1.076697770007283927e-11 3.120902627516992324e-11
5.289159712869367130e-13 1.861254626923969815e-12 1.110611762541949021e-11 3.215437486081705744e-11
5.453630030442223876e-13 1.921004072894366841e-12 1.145722439144847641e-11 3.313168801768549451e-11
5.631246059110310998e-13 1.984009313308148341e-12 1.182343932245873311e-11 3.414621841273438188e-11
5.830524514180760787e-13 2.051223978702928226e-12 1.220426005526913159e-11 3.519813434250263130e-11
6.035106445602903440e-13 2.120570820374891692e-12 1.259715992940228750e-11 3.628432759379147976e-11
6.231321554985829763e-13 2.190567924834122457e-12 1.300285682914445192e-11 3.740610916953675353e-11
6.432697796082723829e-13 2.263137240452997233e-12 1.342529388822374291e-11 3.856977886712953623e-11
6.658633328313644107e-13 2.340668154177937514e-12 1.386607226329927801e-11 3.977869771238762907e-11
6.901650193596288084e-13 2.422109916952434969e-12 1.432269065049823839e-11 4.103014838229255220e-11
7.139508561962670782e-13 2.504830401782987578e-12 1.479386604200288447e-11 4.232269878938212498e-11
7.373749624095830142e-13 2.589345478288034737e-12 1.528310275586241373e-11 4.366188778335772567e-11
7.629184892731317997e-13 2.678863400787875903e-12 1.579421572795014054e-11 4.505428587549231656e-11
7.912904433252849703e-13 2.774132741678222135e-12 1.632612550682699892e-11 4.649959196533163725e-11
8.201718773639000331e-13 2.872279333813465205e-12 1.687592795267010751e-11 4.799437554843325001e-11
8.481599089182858775e-13 2.971893485445703982e-12 1.744538923051080184e-11 4.954163778127767123e-11
8.773604701854839819e-13 3.075889504471044746e-12 1.803978521539743262e-11 5.114994012436068887e-11
9.100342656085982054e-13 3.187028259043453153e-12 1.866065927351941149e-11 5.282302922014309079e-11
9.447736579578841248e-13 3.303454728307926295e-12 1.930473278894933137e-11 5.455743355821064336e-11
9.788402951518894507e-13 3.422021590360167709e-12 1.997123131072351439e-11 5.635267436898154507e-11
1.012972275552386987e-12 3.544088151082381422e-12 2.066539590766377630e-11 5.821710478312889162e-11
1.050439500387653498e-12 3.673848686238251683e-12 2.139185295954149127e-11 6.015899787238820268e-11
1.091634501566234821e-12 3.811642274263802594e-12 2.214877021750952662e-11 6.217751369457098887e-11
1.133346249414367707e-12 3.953589776660209843e-12 2.293301820201197076e-11 6.426924281529988531e-11
1.174279461256400000e-12 4.098587583852899315e-12 2.374803442607721278e-11 6.643989483228163731e-11
1.217593958750692530e-12 4.250933093471322439e-12 2.460088131614313004e-11 6.870114741036302459e-11
1.265845466764940319e-12 4.413730864123840066e-12 2.549296282392867274e-11 7.105726511942995500e-11
1.316663755803916514e-12 4.583991859668172622e-12 2.642017488400666490e-11 7.350414990051093864e-11
1.366756873323000701e-12 4.758083143348778078e-12 2.738282444337882671e-11 7.604324463853397179e-11
1.417798081827797351e-12 4.938691639470961341e-12 2.838866939366705929e-11 7.868704317757381623e-11
1.474044802275493683e-12 5.131253429997579621e-12 2.944336521927922903e-11 8.144613963253629143e-11
1.535300548891406369e-12 5.335394892996020576e-12 3.054417339033400422e-11 8.431923254418237153e-11
1.597200776095980933e-12 5.546000004663760612e-12 3.168811318798657061e-11 8.730368005302134976e-11
1.658815523474537219e-12 5.762680772564250648e-12 3.288129423175342599e-11 9.040955051405004731e-11
1.724781902220788027e-12 5.991676774065203036e-12 3.413325858521666354e-11 9.365297373473618508e-11
1.797869342715205048e-12 6.236362404090844001e-12 3.544523910419675175e-11 9.703909842308617616e-11
1.874319103967013542e-12 6.492181317882467739e-12 3.681242592154849575e-11 1.005636994986594563e-10
1.950299182096409343e-12 6.755166072660773556e-12 3.823723094112064383e-11 1.042318644794710044e-10
2.028960361102797511e-12 7.030087349323607861e-12 3.973116621284363585e-11 1.080623611017161758e-10
2.115794219262836254e-12 7.323965104784449762e-12 4.130132429620407545e-11 1.120692053746989044e-10
2.209591802212567085e-12 7.635277872977041905e-12 4.294404267124461696e-11 1.162511072817825897e-10
2.304516603921924621e-12 7.957451396685002393e-12 4.465732323597044333e-11 1.206077503015909215e-10
2.400461525713905058e-12 8.291537373656533606e-12 4.645163453617586059e-11 1.251563609266328507e-10
2.504153419997114665e-12 8.646553045569526421e-12 4.834015767345462563e-11 1.299197737460173604e-10
2.618399269896743760e-12 9.026011067649594360e-12 5.032412663335157779e-11 1.349049674203148698e-10
2.737449905322949808e-12 9.423240485724463299e-12 5.239856953256295948e-11 1.401089316072935731e-10
2.857064093995586295e-12 9.834346144250826347e-12 5.456989282185215514e-11 1.455435618787723355e-10
2.982728441351699133e-12 1.026740512384447976e-11 5.685545921346592573e-11 1.512375410337599113e-10
3.121481223522800469e-12 1.073151450589063582e-11 5.926466511620517153e-11 1.572104420934947277e-10
3.270443963941961815e-12 1.122340252803677376e-11 6.179333371128245529e-11 1.634624320667629155e-10
3.421941060459050246e-12 1.173491743901296986e-11 6.444225494819427483e-11 1.699987480591573810e-10
3.577506605996667890e-12 1.226985731437744437e-11 6.722926158324694016e-11 1.768487712225151618e-10
3.746877057623326614e-12 1.284133647800101558e-11 7.017330146897866992e-11 1.840461360734718292e-10
3.932563687719615711e-12 1.345282640797913695e-11 7.327638961948321940e-11 1.916019894093928499e-10
4.125982528313290117e-12 1.409491821422568946e-11 7.653497526027434655e-11 1.995177957488946624e-10
4.322885191541549967e-12 1.476476123507798780e-11 7.996313492621032720e-11 2.078183555591670370e-10
4.532524288531548152e-12 1.547584676667276499e-11 8.358796365233567177e-11 2.165489849312574590e-10
4.763921111212797507e-12 1.624019067301371769e-11 8.742322121530539259e-11 2.257393562699137421e-10
5.011521861443548086e-12 1.705204849943358986e-11 9.146587583463242294e-11 2.353949966393352006e-10
5.265460904176049774e-12 1.790198028566744495e-11 9.572353690665768241e-11 2.455336395479758438e-10
5.530445124918673101e-12 1.879906297236465283e-11 1.002272508001516345e-10 2.562064824977400215e-10
5.820741194209081784e-12 1.976287477998558326e-11 1.050062348286502331e-10 2.674663227963921662e-10
6.138083753858486333e-12 2.079689808620260606e-11 1.100660836066916475e-10 2.793346922873613564e-10
6.470023622980560919e-12 2.188872151539709803e-11 1.154092744284113922e-10 2.918259395681326445e-10
6.813447387262148738e-12 2.303907994972503271e-11 1.210656848352610215e-10 3.049909703578648829e-10
7.183969572690936114e-12 2.427108245729033070e-11 1.270805547055240180e-10 3.189059331326060851e-10
7.593308655558073834e-12 2.560164167011725877e-11 1.334777157406660960e-10 3.336216828571102905e-10
8.031712605876351050e-12 2.702222568271165015e-11 1.402609238629699116e-10 3.491599538678551299e-10
8.487016118224512009e-12 2.852382881327942402e-11 1.474545287300018786e-10 3.655673113638576385e-10
8.970099087653994732e-12 3.012612623659907474e-11 1.551156727330738114e-10 3.829375680407012828e-10
9.502351269718211596e-12 3.185972889151894522e-11 1.632944785909569832e-10 4.013613902233603094e-10
1.008376070289739905e-11 3.372867356654252772e-11 1.720082494644910976e-10 4.208862988219065627e-10
1.069633217207345839e-11 3.571783351669351964e-11 1.812769212689149627e-10 4.415590973884963482e-10
1.134024174128607266e-11 3.783657119701550659e-11 1.911632741874577435e-10 4.634840222638826034e-10
1.204179394728233322e-11 4.012487201913023914e-11 2.017478024090339489e-10 4.867964001100649670e-10
1.281616606188608543e-11 4.260742796670279803e-11 2.130769412211078213e-10 5.115914502431894824e-10
1.364655003492520513e-11 4.527203204536868449e-11 2.251741561073423019e-10 5.379305798338767192e-10
1.451870217358270030e-11 4.811333745668913333e-11 2.381012054423075111e-10 5.659225782317305879e-10
1.545566427238429622e-11 5.117139693069267039e-11 2.519674218116213332e-10 5.957455227564382890e-10
1.649124823087446729e-11 5.449654249275936193e-11 2.668670484531991588e-10 6.275676668275014754e-10
1.762298970321803959e-11 5.809589280182349296e-11 2.828498176257477631e-10 6.614996247565359563e-10
1.882589555489918906e-11 6.195510380463450819e-11 2.999812238933840865e-10 6.976668956892294826e-10
2.010888283108572554e-11 6.610503513395011445e-11 3.183957229232871666e-10 7.362877520274141540e-10
2.151832376436475115e-11 7.062017533831508858e-11 3.382497268907442778e-10 7.776223989265240738e-10
2.307809574982257335e-11 7.554607351385679898e-11 3.596518252092086144e-10 8.218773119814762812e-10
2.476917178502804605e-11 8.088113535035110643e-11 3.826996092615019396e-10 8.692409831968648954e-10
2.659329472687005500e-11 8.665672382049915451e-11 4.075792963599882889e-10 9.200155314713344195e-10
2.861811036964656718e-11 9.298887954132761998e-11 4.345673171419566530e-10 9.746339972846454366e-10
3.091861615012269332e-11 1.000091783249155262e-10 4.639261466288493321e-10 1.033528797095747443e-09
3.350296411375760574e-11 1.077852070911875401e-10 4.958702822500338068e-10 1.097071849067669209e-09
3.635057297857694987e-11 1.163713668113391551e-10 5.306723273286571526e-10 1.165701876121417023e-09
3.950838906149543247e-11 1.259134990249807431e-10 5.687398481704660090e-10 1.240037820734325245e-09
4.308271599914197352e-11 1.366243491042649649e-10 6.105297740652394726e-10 1.320785145210847644e-09
4.713137815893055087e-11 1.486560792579751427e-10 6.564442701537155482e-10 1.408592597060036936e-09
5.163990429370957111e-11 1.620865534673580025e-10 7.069037581923650077e-10 1.504124465661054321e-09
5.663719188549915753e-11 1.770630389814596095e-10 7.624997818275235822e-10 1.608259297887939860e-09
6.226091103349458761e-11 1.938716471906192219e-10 8.239749361661149327e-10 1.722089280670860531e-09
6.864715305810222089e-11 2.128038346962296573e-10 8.920564368699571247e-10 1.846713293426110649e-09
7.582057305422992625e-11 2.340396076159229102e-10 9.674401884122972689e-10 1.983189430445207422e-09
8.378747413673735421e-11 2.577668146599766126e-10 1.050993588231944220e-09 2.132775091815005901e-09
9.269230861928791325e-11 2.843550447622068125e-10 1.143854260746389353e-09 2.297074714093672082e-09
1.027511104932812888e-10 3.142663457814233019e-10 1.247228644603201570e-09 2.477812273930412505e-09
1.140303272118413111e-10 3.478070215634813445e-10 1.362198440971862763e-09 2.676572304858050660e-09
1.264472161487731206e-10 3.851395880147048112e-10 1.489893489887022790e-09 2.894983626039671921e-09
1.400639698150822067e-10 4.265994957045178233e-10 1.631836092012028308e-09 3.135158857658823729e-09
1.552586013096340748e-10 4.728520220342902214e-10 1.789984437981014030e-09 3.399791276739031325e-09
1.724996064880866228e-10 5.246532244550257402e-10 1.966490550835696095e-09 3.691857923496789766e-09
1.920557449282854310e-10 5.826298250758059635e-10 2.163640267230052077e-09 4.014494891701706073e-09
2.140545252133169761e-10 6.474676477113336381e-10 2.384067615695245970e-09 4.371243062127460845e-09
2.387198175592608140e-10 7.201911279180669864e-10 2.630807311881044434e-09 4.766188138604457018e-09
2.664227945346315353e-10 8.020928938368865969e-10 2.907173419523192763e-09 5.203912444005405587e-09
2.978138483101887765e-10 8.947233093132275561e-10 3.217293998493133552e-09 5.690154949900569341e-09
3.345877445136071130e-10 1.000736642444503920e-09 3.567754804463876132e-09 6.233709116740545443e-09
3.804573042783659136e-10 1.125311955761589778e-09 3.969265346178270113e-09 6.848304277423955319e-09
4.409822032306044846e-10 1.276784958395027226e-09 4.436778583664609814e-09 7.552597745791030277e-09
5.218800044810319322e-10 1.465958420829901380e-09 4.988174839244200322e-09 8.368377777971552176e-09
6.274757359121371419e-10 1.705333030599921836e-09 5.643321910874924999e-09 9.319180946475440861e-09
7.610757331462717525e-10 2.009418757462443283e-09 6.424598414889694219e-09 1.043073196736460951e-08
9.267230279505883108e-10 2.395284314195071285e-09 7.357965280250613849e-09 1.173213240210413700e-08
1.130287398528790863e-09 2.881941149639135459e-09 8.473578445156208111e-09 1.325642081968775539e-08
1.379520832357161775e-09 3.489526518399886781e-09 9.806810729489398071e-09 1.504130553791608515e-08
1.684879143388926680e-09 4.240928767306823854e-09 1.140082729361721319e-08 1.713136587653036694e-08
2.061529480154622984e-09 5.165835116818496889e-09 1.330907104403353358e-08 1.957989390161345373e-08
2.529390231345466838e-09 6.302942712466770902e-09 1.559388070036122702e-08 2.244606824385528290e-08
3.108006590802456817e-09 7.696456917298657708e-09 1.831971635449269519e-08 2.578587273894289317e-08
3.808149204776159551e-09 9.388412166871562181e-09 2.154404883834650490e-08 2.964080716539893434e-08
4.626604885945296084e-09 1.141223469220116938e-08 2.531108834777903495e-08 3.403099636387262302e-08
5.549698481218663097e-09 1.379153152819000415e-08 2.965265431031956606e-08 3.895748033987364117e-08
6.566854864302500611e-09 1.654549201065733703e-08 3.459888218431769104e-08 4.441488213719859816e-08
7.691515275688888496e-09 1.970162767437961786e-08 4.019640347995835277e-08 5.040871432160223018e-08
8.979818299294448016e-09 2.331172307718869795e-08 4.651808242048114401e-08 5.695808929041169613e-08
1.052538889773892645e-08 2.745325539681150634e-08 5.363452908100696430e-08 6.405502210262348167e-08
1.240516111021882317e-08 3.219017267289993476e-08 6.152818164892660671e-08 7.157051481297157865e-08
1.457883386807744849e-08 3.748731984600258053e-08 6.997915307076622118e-08 7.915211403462471792e-08
1.679932488056680409e-08 4.311964999469169672e-08 7.850740531830704350e-08 8.620623328238260910e-08
1.862424197982536886e-08 4.864773395236989593e-08 8.645588909494089003e-08 9.203630412732286459e-08
1.957435734128493198e-08 5.350159926988301355e-08 9.321458735072141850e-08 9.610074460060273281e-08
1.937410323054587597e-08 5.713879763888012385e-08 9.846890559566619846e-08 9.824074440043105105e-08
1.812050225260491906e-08 5.918846319966447810e-08 1.023100491614970620e-07 9.871768459986513613e-08
1.625228873878326292e-08 5.951350615325017790e-08 1.051251443751465013e-07 9.802379195984738717e-08
1.432618052067532151e-08 5.819329090581734828e-08 1.073366399913122954e-07 9.659271907865237908e-08
1.274417651085264588e-08 5.547459732861339280e-08 1.091630074165706927e-07 9.460275016312272651e-08
1.160148389320948693e-08 5.172144215946265988e-08 1.105465226792175128e-07 9.198407201892862686e-08
1.072632306179062994e-08 4.735325281340065193e-08 1.112677163148643443e-07 8.858958058239821512e-08
9.850523104188111573e-09 4.275692508963167939e-08 1.111427964815897597e-07 8.438899676600704692e-08
8.784723186541778076e-09 3.819698584608677144e-08 1.101655584102438313e-07 7.955947938083754901e-08
7.502055858201041200e-09 3.377629346428423051e-08 1.085163391372764486e-07 7.443806488452646540e-08
6.112652574043980604e-09 2.947562126697599402e-08 1.064582930001128309e-07 6.939328832826075366e-08
4.775449430992096677e-09 2.524452589673199616e-08 1.042059801693315414e-07 6.470831597784148008e-08
3.612585376062070961e-09 2.108301158795514647e-08 1.018501744688390209e-07 6.053877625501871584e-08
2.670218036369754786e-09 1.706968370318756373e-08 9.937060942854486619e-08 5.694782333698462134e-08
1.930810473327457367e-09 1.333428894496890300e-08 9.670693060369372677e-08 5.397445543043921457e-08
1.351464010989005348e-09 1.000397144017551112e-08 9.382615342753331067e-08 5.168687002991350103e-08
8.973015104408523168e-10 7.158840024364814285e-09 9.073711910318671370e-08 5.020098880955851244e-08
5.554104369850687807e-10 4.820204782330026912e-09 8.744620877301013030e-08 4.966904693689752578e-08
3.334172081733896851e-10 2.973243972682668390e-09 8.389489316747554636e-08 5.024214666443483979e-08
2.505379647833620468e-10 1.603284523670845313e-09 7.993865921338319590e-08 5.200215220390031897e-08
3.221547408493904021e-10 7.152092991427800532e-10 7.540273527884559726e-08 5.487522669816933466e-08
5.385923704016030208e-10 3.197627441510409279e-10 7.019360558722925094e-08 5.857787577952157588e-08
8.494383961924927294e-10 3.993996727631974198e-10 6.439466014833332233e-08 6.265775928236380989e-08
1.170736785374777421e-09 8.833583536718416377e-10 5.827256704971412328e-08 6.663888964598388005e-08
1.419023680055873963e-09 1.651150969891299585e-09 5.217846077065412706e-08 7.019579662774398191e-08
1.552219231912741558e-09 2.558933416587875328e-09 4.640413766105359287e-08 7.324373941887384315e-08
1.587573623548550156e-09 3.469925894403086457e-09 4.108568061355178157e-08 7.588683792928050901e-08
1.583187990653736689e-09 4.276336451486635721e-09 3.620795304841633439e-08 7.827028001600865337e-08
1.597391744294221605e-09 4.911704172628716368e-09 3.168812634721363417e-08 8.044668237927067881e-08
1.654641612246999037e-09 5.355017778548209534e-09 2.746825273884970976e-08 8.234135279255725639e-08
1.737913666121019505e-09 5.624404782233499250e-09 2.355809417947118889e-08 8.381892665503817343e-08
1.806912356955198092e-09 5.759680843885887854e-09 2.001779679348489957e-08 8.478653156072752226e-08
1.826022594038055895e-09 5.800737580039489957e-09 1.691022042464404110e-08 8.525987242505436388e-08
1.784093749523138591e-09 5.773057066840061176e-09 1.426034054699026712e-08 8.535837522367077535e-08
1.697079767765448405e-09 5.686607694679779195e-09 1.204210533855972575e-08 8.524537894445581949e-08
1.596393802509777934e-09 5.545118587307084670e-09 1.019172237935507446e-08 8.505760480544299348e-08
1.513229480592438454e-09 5.357709919850172522e-09 8.633392134915791154e-09 8.486434111583034365e-08
1.468566217612690310e-09 5.146249476215631169e-09 7.301800081239985199e-09 8.466994285549285212e-08
1.472148187475453177e-09 4.946001260448855818e-09 6.152561254041537973e-09 8.444464618923492840e-08
1.527248100198328844e-09 4.800795091439513110e-09 5.160837734145895152e-09 8.415863842621999416e-08
1.636057111146662356e-09 4.756100994719180177e-09 4.312568342831360837e-09 8.380487398608026541e-08
1.802788059559829049e-09 4.853618873805326708e-09 3.591863767112288994e-09 8.340839520835875447e-08
2.034554921814652870e-09 5.129130683632312795e-09 2.968955879284401401e-09 8.301692075723753776e-08
2.341077674517019610e-09 5.612641424540867411e-09 2.398221676551117642e-09 8.265925028327962712e-08
2.732902695233686850e-09 6.328010278504373861e-09 1.835898123294071157e-09 8.227232004668870078e-08
3.215666308576842191e-09 7.288930008453855318e-09 1.272748093302477594e-09 8.163875774419643667e-08
3.778127968737670185e-09 8.489456128769527575e-09 7.571476178133112025e-10 8.040387447249294044e-08
4.377228724261630251e-09 9.891227734391845974e-09 3.825314590108219184e-10 7.820612462573903070e-08
4.932053321546697926e-09 1.141506900280176542e-08 2.398630154933680780e-10 7.486585944313033701e-08
5.340712190398743129e-09 1.294637402838331044e-08 3.688545079281811444e-10 7.050866566004796446e-08
5.521330462530785948e-09 1.435653708510089605e-08 7.468049287800215953e-10 6.552589160127687481e-08
5.456334147299371101e-09 1.553076568492911831e-08 1.322685161977859835e-09 6.038832123187407577e-08
5.208204928016663778e-09 1.638786297897714541e-08 2.065248050049900370e-09 5.543685652186676859e-08
4.890020011823716403e-09 1.688593199289926453e-08 2.983954442595239620e-09 5.078476088980624900e-08
4.606483532604928035e-09 1.702005884382924183e-08 4.107851743200664882e-09 4.637472897043346760e-08
4.403259746146054555e-09 1.681960671743639136e-08 5.444061002454919262e-09 4.212240666916152277e-08
4.255101254769342988e-09 1.634330845327496956e-08 6.952352457835486386e-09 3.803372032446610677e-08
4.094463698133769576e-09 1.566451447964121643e-08 8.556115161723334821e-09 3.422619345357963520e-08
3.857039054178554416e-09 1.484694736021670408e-08 1.017970659880183379e-08 3.086432996651395891e-08
3.515978631100336733e-09 1.392441483068725030e-08 1.178290041540233797e-08 2.807196364500433269e-08
3.089692510167086474e-09 1.289922516855183807e-08 1.336821415199698499e-08 2.588247572187336278e-08
2.625555094532555632e-09 1.176024681048593537e-08 1.495948849359222258e-08 2.424748912693330257e-08
2.173366449871130656e-09 1.050686652001622384e-08 1.657069193336488853e-08 2.308241725601577952e-08
1.764637080886123268e-09 9.163291719548348543e-09 1.818694055308284531e-08 2.231090336436915149e-08
1.407264783636074785e-09 7.777205327732161462e-09 1.976598790277743846e-08 2.188348698022738354e-08
1.094034867420305921e-09 6.406756258797031026e-09 2.125233762957628524e-08 2.177046656489952598e-08
8.153278350677572472e-10 5.104236712974209546e-09 2.259053898101139957e-08 2.194247976945723232e-08
5.673562359035685422e-10 3.905145345988794486e-09 2.372970872204721166e-08 2.234913101716446346e-08
3.544101009946311785e-10 2.828830633343705320e-09 2.462001916993503630e-08 2.289989838525153904e-08
1.880964594032407322e-10 1.889958298043199035e-09 2.520784090685294690e-08 2.345549974807249406e-08
8.440943512986130680e-11 1.111142519961403140e-09 2.543810706571482468e-08 2.384471570844898140e-08
5.647724259553937005e-11 5.247332933113745782e-10 2.526909403309025828e-08 2.391280763874279268e-08
1.039339235105064377e-10 1.605621842530481783e-10 2.469513898254180235e-08 2.358132213313923395e-08
2.064210394043930483e-10 2.884457148726925397e-11 2.376213598740318571e-08 2.287986764740021309e-08
3.291830053606143936e-10 1.109747246105268549e-10 2.256033764774286973e-08 2.192353427292825832e-08
4.396124437469964019e-10 3.630280578571915478e-10 2.119396020242446136e-08 2.084891342414695301e-08
5.233253131628996954e-10 7.271113537216521502e-10 1.974600771096020374e-08 1.975255327186443727e-08
5.877607954025964247e-10 1.143560056279103157e-09 1.826126936920545253e-08 1.867065462769640041e-08
6.512637144842683856e-10 1.560898075829036458e-09 1.675552590281248426e-08 1.760463104638112800e-08
7.266071517728092057e-10 1.943039807431843795e-09 1.523904371732850147e-08 1.656482104671182121e-08
8.107490177784542587e-10 2.272128025531055621e-09 1.373527975007324113e-08 1.559807644257467476e-08
8.866260104482743800e-10 2.545025656635681450e-09 1.228426191566776542e-08 1.478325902229799404e-08
9.340629685720901941e-10 2.764744877654533440e-09 1.093294266202849496e-08 1.420372704066959047e-08
9.416062060262033370e-10 2.931872594913778218e-09 9.721321135229552421e-09 1.391969760478141277e-08
9.117334364783013253e-10 3.040911073771857574e-09 8.672383452369178093e-09 1.395894797834478819e-08
8.571882019006314629e-10 3.082636024446948274e-09 7.790049425761530824e-09 1.432753160256000544e-08
7.923404483852197958e-10 3.049881584187706722e-09 7.064752484951807461e-09 1.502701079060579544e-08
7.261349867353459612e-10 2.942943537635940375e-09 6.482242522917910009e-09 1.606285770176282671e-08
6.606432461615007387e-10 2.771570571561999924e-09 6.030145889403693353e-09 1.743957050612864376e-08
5.942178496822363742e-10 2.552409998573094706e-09 5.699735310251126658e-09 1.914989660978868287e-08
5.253979792994215128e-10 2.303442533474109313e-09 5.483783978215510657e-09 2.116802815092419192e-08
4.548272147812644651e-10 2.039052287550838531e-09 5.371494141115710582e-09 2.345050698704484054e-08
3.851720513750422948e-10 1.768835704604697685e-09 5.340375186607022582e-09 2.594127947263627497e-08
3.203115845000547591e-10 1.500063870633599423e-09 5.347827039520989402e-09 2.857331074894372952e-08
2.645473794219237885e-10 1.240913360362048356e-09 5.330877361373150760e-09 3.125937614267071869e-08
2.218819764711396047e-10 1.001839710193147786e-09 5.221987683785188494e-09 3.387183191282035139e-08
1.953584631117994141e-10 7.948253591902188669e-10 4.977104246432742888e-09 3.622607257439951732e-08
1.864838103294390779e-10 6.316859649379676924e-10 4.598257528615955360e-09 3.809362139346037486e-08
1.946037938488544160e-10 5.221594225236866747e-10 4.132476251638206208e-09 3.925962090845718268e-08
2.163364738366194921e-10 4.718281482182415277e-10 3.645331681668644879e-09 3.960398494468499677e-08
2.458302759015590934e-10 4.803377578536401912e-10 3.186993533124321745e-09 3.915438271081137863e-08
2.765762541791637653e-10 5.409335499068610211e-10 2.773539058638499868e-09 3.806805389808202239e-08
3.041694070279084745e-10 6.417635740111528995e-10 2.393008524576039058e-09 3.654914879988549805e-08
3.280539210849717171e-10 7.682533839701520649e-10 2.027146457856195927e-09 3.475701705455923867e-08
3.506838842009502600e-10 9.055522305144216048e-10 1.671019678254502607e-09 3.276457048732282149e-08
3.745849686155182631e-10 1.040607424516345421e-09 1.338130184953998942e-09 3.058326893609520193e-08
3.995064842526405123e-10 1.163678841620360855e-09 1.051215659531657076e-09 2.822264539572660972e-08
4.216546160345333574e-10 1.268781979923366232e-09 8.284574361138051058e-10 2.573648796849631321e-08
4.353534612623473127e-10 1.352662579393967030e-09 6.756004984701725509e-10 2.322854397306408689e-08
4.359143056300427356e-10 1.412908441162290001e-09 5.878434810728591498e-10 2.082314850793874013e-08
4.219371587724040079e-10 1.446605009338577628e-09 5.574664509612858680e-10 1.862604143253687886e-08
3.957413390872041193e-10 1.450455352499006247e-09 5.801425221449455869e-10 1.670021843226037885e-08
3.617939138682036807e-10 1.422033272636422503e-09 6.559820969548584355e-10 1.506696682792044382e-08
3.242948137114649516e-10 1.361153791282403051e-09 7.864831037982335780e-10 1.372463644390205056e-08
2.855712976653918862e-10 1.270576086994088029e-09 9.708720913969130291e-10 1.266858668091052245e-08
2.461106798529390958e-10 1.155708515533942227e-09 1.204023472440830587e-09 1.190017182873398224e-08
2.056564228214796642e-10 1.023322952560648685e-09 1.476065231477132713e-09 1.142409589224046457e-08
1.642253397287256620e-10 8.798338755552352102e-10 1.773117636932375683e-09 1.123981470847851746e-08
1.225796136753443550e-10 7.303102235186279904e-10 2.078816574687227508e-09 1.133017980365589738e-08
8.248917924650180197e-11 5.791299720204233005e-10 2.376135073836494066e-09 1.164808282391664800e-08
4.694890339661258912e-11 4.317686190617829050e-10 2.648854497616753064e-09 1.210714769369577821e-08
1.980841730100203054e-11 2.959422971860227762e-10 2.882637643117297675e-09 1.258874206255956872e-08
4.339619055780135665e-12 1.807269379143056999e-10 3.066349221950315802e-09 1.297134874763296839e-08
1.366339324473158880e-12 9.405975257200313072e-11 3.193769081677467131e-09 1.316986636090224483e-08
8.440226397929778787e-12 4.033487273785925825e-11 3.264568631377094343e-09 1.315964334133926812e-08
2.097796320813589510e-11 1.944756456845910020e-11 3.283273912666326770e-09 1.296858680168409092e-08
3.469055090299896589e-11 2.735882330716196141e-11 3.256534369440273711e-09 1.264444207964487439e-08
4.756836757187823552e-11 5.747508680991859245e-11 3.190570730836970936e-09 1.222157661054741726e-08
6.009019518373497214e-11 1.022405743658178947e-10 3.090362269223048324e-09 1.170822911978892131e-08
7.373290555999429884e-11 1.546346540393064320e-10 2.960468188055751071e-09 1.109722360382754024e-08
8.905560997316169814e-11 2.092664806337981174e-10 2.806280345460170230e-09 1.038708731220347532e-08
1.047750030684816656e-10 2.627206514641591589e-10 2.634728839436287437e-09 9.596887846120363770e-09
1.183721681221853154e-10 3.130776838840239535e-10 2.454135237837887044e-09 8.765873809572981099e-09
1.276004604574439954e-10 3.589668193269857963e-10 2.273274409575680694e-09 7.940666463424049615e-09
1.316804641970862895e-10 3.987341478663119670e-10 2.099995955975289431e-09 7.160522983476052858e-09
1.313766796725012422e-10 4.301958130454452040e-10 1.940147317758513234e-09 6.450559315862554220e-09
1.281292528906023425e-10 4.510983650801659809e-10 1.797475140436265129e-09 5.825088909059049893e-09
1.230730425304970666e-10 4.599709393353854151e-10 1.674382840755676636e-09 5.295297616199423396e-09
1.166183444346209411e-10 4.567497421754157133e-10 1.572720106743815303e-09 4.874022576652264820e-09
1.086335627672064559e-10 4.426788054313605934e-10 1.494032615602173450e-09 4.575246545864509319e-09
9.885332560846287868e-11 4.195606499197179827e-10 1.439421089959911803e-09 4.410844539464957246e-09
8.719703314908062256e-11 3.889676414639844019e-10 1.409219227259839422e-09 4.387630283813187730e-09
7.392468440152240463e-11 3.519925999990274869e-10 1.402170018917822160e-09 4.505523842195055807e-09
5.965765882976928330e-11 3.095732061285959791e-10 1.413924205751825731e-09 4.756475314398057788e-09
4.527712343674066597e-11 2.629700030110478301e-10 1.435883098480004302e-09 5.124022281109066473e-09
3.174347450954475067e-11 2.140193795767869260e-10 1.456158680739029813e-09 5.583154418595907585e-09
1.993736357519304835e-11 1.651050007946981037e-10 1.463211653610646956e-09 6.099808792714153751e-09
1.058143242366423525e-11 1.189594907925880729e-10 1.450302142554911999e-09 6.630791992282195431e-09
4.190246011912973146e-12 7.834829394385371062e-11 1.417706419475153730e-09 7.127218703313964420e-09
9.746978125912956438e-13 4.564689372612812059e-11 1.371088034444238545e-09 7.543578748602225377e-09
7.356081087555924271e-13 2.241619645824994250e-11 1.317226876848721834e-09 7.849265221472425675e-09
2.869650019505021025e-12 9.152840440681933448e-12 1.260070330737797124e-09 8.035089066810080130e-09
6.553214985561932136e-12 5.309590535976560003e-12 1.199521937113881403e-09 8.109725977370459167e-09
1.102478870422847739e-11 9.534887481099233749e-12 1.133244263574611656e-09 8.088735926667896662e-09
1.580052018846963492e-11 2.001393416842810911e-11 1.059726033529444963e-09 7.984239826219434284e-09
2.069764154117685612e-11 3.480964832607882795e-11 9.802895398896937605e-10 7.801620063144616071e-09
2.566652564392232559e-11 5.212748127312351440e-11 8.988178199944896454e-10 7.543378207393068903e-09
3.056291082125726455e-11 7.045504193979429464e-11 8.198103291254719898e-10 7.215564362620505527e-09
3.503920104666854803e-11 8.858099522760255049e-11 7.464733263117848222e-10 6.831834734081770865e-09
3.864212916037908566e-11 1.055448875192818244e-10 6.801380338767624762e-10 6.412791300095576316e-09
4.102823760917602753e-11 1.205654913870740931e-10 6.209753087828940507e-10 5.981430451027602992e-09
4.210942378039395256e-11 1.329724051316401783e-10 5.690554261842686793e-10 5.557786244167205951e-09
4.202200276248998947e-11 1.421764932345917873e-10 5.249353986633688060e-10 5.156091785485350414e-09
4.098299949501250790e-11 1.477226676168080872e-10 4.896343353911938434e-10 4.785615501163047039e-09
3.917110002198752108e-11 1.494047216756193338e-10 4.642687381336561260e-10 4.453417943154035165e-09
3.669481454901829194e-11 1.473335356574723625e-10 4.495963227793329317e-10 4.166351597506075562e-09
3.361260893242092836e-11 1.418678656794362279e-10 4.456160947490341092e-10 3.931273896831175519e-09
2.996332097832997162e-11 1.334547800897541970e-10 4.513736507220841505e-10 3.754226283882558056e-09
2.581258742331528119e-11 1.225274723218734282e-10 4.650654491065668474e-10 3.639146341130478815e-09
2.132393824172880205e-11 1.095476414808846553e-10 4.843584581809849952e-10 3.585677716700377101e-09
1.681550260831892137e-11 9.513328108092621931e-11 5.067390838310891639e-10 3.586277041812887281e-09
1.274045671306205887e-11 8.014297761746724392e-11 5.297940160763077525e-10 3.624813231209986702e-09
9.568689367930324126e-12 6.563653249591831993e-11 5.514388458361097525e-10 3.679205350765678826e-09
7.612734639687920859e-12 5.271433336322696729e-11 5.700857860732178173e-10 3.727861119234979129e-09
6.888066803723418951e-12 4.229266428637409299e-11 5.846818452149834555e-10 3.756238486694242105e-09
7.103046064280072746e-12 3.490564964940490798e-11 5.946122419231145095e-10 3.759378241793108278e-09
7.814682387776837867e-12 3.062787049834222374e-11 5.995749251757778933e-10 3.739266513330628692e-09
8.668998124338599676e-12 2.914914191179707200e-11 5.995134602089098791e-10 3.699510030271036591e-09
9.557216272502245961e-12 2.993575328522484480e-11 5.945812512499648386e-10 3.641128733829270257e-09
1.057135905521616839e-11 3.238034910397409246e-11 5.850878769824434290e-10 3.561842056936517836e-09
1.181518253793876681e-11 3.590395942133115721e-11 5.714644597501061773e-10 3.458571767156507714e-09
1.324838658818695644e-11 4.003059116439499449e-11 5.542994266493711149e-10 3.330828553474048266e-09
1.468521157896430417e-11 4.443025228942632688e-11 5.343848558883726281e-10 3.182369396198496960e-09
1.590856503209318472e-11 4.888775478045784017e-11 5.126601571281927520e-10 3.020105046398654447e-09
1.677785756989156273e-11 5.320161544849830029e-11 4.900595601823058152e-10 2.851448176144600367e-09
1.726138391126395865e-11 5.710467062956948062e-11 4.673985873416030020e-10 2.682259749958082336e-09
1.740866947336431463e-11 6.029015587424952716e-11 4.453783819894914724e-10 2.516559758262823116e-09
1.729988662736824009e-11 6.251232390012884608e-11 4.246328702750586733e-10 2.357458934230447154e-09
1.699297192053699218e-11 6.365461204216626304e-11 4.057227237739726565e-10 2.208084393876239077e-09
1.649097638842304916e-11 6.371363284798081399e-11 3.891012768434638882e-10 2.071886070922309315e-09
1.575569536918628037e-11 6.274442836835751605e-11 3.751271955898042731e-10 1.952473081815798394e-09
1.475905361773124233e-11 6.082477743471479421e-11 3.640930159293140199e-10 1.853225334942584175e-09
1.352300166305015850e-11 5.804127679161211820e-11 3.561569556156174557e-10 1.776731403963639554e-09
1.211445283959356300e-11 5.448090838452154094e-11 3.511611166090871579e-10 1.724193615997319353e-09
1.061776734017772458e-11 5.024143008814350407e-11 3.484803201237716025e-10 1.695111924836043440e-09
9.123915748640968236e-12 4.547255133414351646e-11 3.470658068864101492e-10 1.687354510395815436e-09
7.734178020163175408e-12 4.041143666720052916e-11 3.457104085174441414e-10 1.697361264014136749e-09
6.547826243776855937e-12 3.536307320584071394e-11 3.434160860335927522e-10 1.720282053826733567e-09
5.631948076884010623e-12 3.063472830486739658e-11 3.396855961053868516e-10 1.750267099235174642e-09
5.005869523257796155e-12 2.648245063081379094e-11 3.345801911908289744e-10 1.781230421099721600e-09
4.654411102176501200e-12 2.309582002208963574e-11 3.284894290359079826e-10 1.807946841342924967e-09
4.544925785957762232e-12 2.059077024373696368e-11 3.217476160164703752e-10 1.826890772003515612e-09
4.627910312512442037e-12 1.898886428306661846e-11 3.143744297629982342e-10 1.836353635954254303e-09
4.838347155631500791e-12 1.821181185295516896e-11 3.061322402996663985e-10 1.835906457411693826e-09
5.117721787980564016e-12 1.811946191778135627e-11 2.968116288840675972e-10 1.825638838899893954e-09
5.437797011988586302e-12 1.856325635028032953e-11 2.864647048826667378e-10 1.805603941730126445e-09
5.793468778509287951e-12 1.940676196553127961e-11 2.754055678762040553e-10 1.775717134484353703e-09
6.171865742260479756e-12 2.051492636061610790e-11 2.640461046925100336e-10 1.736108698026510751e-09
6.538159482397223966e-12 2.175403796552941016e-11 2.527438453303131364e-10 1.687626851224565749e-09
6.853091066769395434e-12 2.301326540039098291e-11 2.417446363676247047e-10 1.632029059412496158e-09
7.093093905091542088e-12 2.421308069964414195e-11 2.311914304863704291e-10 1.571648400799459880e-09
7.247800633151845784e-12 2.528380054183306858e-11 2.211660617748337975e-10 1.508811466728172718e-09
7.308961952382435567e-12 2.614784353437325830e-11 2.117566409202781102e-10 1.445477930160174570e-09
7.273515717600466177e-12 2.673593080249392331e-11 2.031139984776967047e-10 1.383259809689565754e-09
7.152346168163483631e-12 2.701396278239750502e-11 1.954388733681522814e-10 1.323588145889825983e-09
6.962757494722751553e-12 2.698072142694673300e-11 1.889031460158194756e-10 1.267789683506291483e-09
6.710909823311433996e-12 2.664281593814224298e-11 1.835820844939531665e-10 1.217089794995096679e-09
6.391206372051521284e-12 2.600618472526557957e-11 1.794489134010139531e-10 1.172629244376492306e-09
6.005685718829158703e-12 2.509215560965014860e-11 1.763978120829951764e-10 1.135411310841403109e-09
5.576315682387786875e-12 2.394639917746014354e-11 1.742484934570513791e-10 1.106038236531956417e-09
5.135797842378698279e-12 2.262633832399168192e-11 1.727524929962153733e-10 1.084317776326254192e-09
4.715469524963136773e-12 2.119277983049765358e-11 1.716430909876460014e-10 1.069040642126463826e-09
4.347051118098784070e-12 1.972284733683648502e-11 1.707036076718201289e-10 1.058158275222615460e-09
4.064164002599639448e-12 1.831786571961096934e-11 1.697860022141369708e-10 1.049318559267272296e-09
3.885864116234882544e-12 1.707819254677028240e-11 1.687728193878802739e-10 1.040511466161083823e-09
3.797674488916639371e-12 1.606540109336981500e-11 1.675491787453143498e-10 1.030528063247705058e-09
3.759986921241146558e-12 1.529389875781803917e-11 1.660230344641937708e-10 1.019004791309154078e-09
3.740226214254099438e-12 1.475330995211097809e-11 1.641507889558901865e-10 1.006029583484126802e-09
3.732360194963644779e-12 1.442420497038260544e-11 1.619219628058247511e-10 9.915928136301224346e-10
3.745183689773689797e-12 1.427189660924062754e-11 1.593293004500765101e-10 9.753157429133083474e-10
3.781579857268101255e-12 1.424481390405808103e-11 1.563746451699052613e-10 9.566485225959452836e-10
3.834800317505061835e-12 1.429533668147308780e-11 1.530981172476129865e-10 9.352897952164671694e-10
3.896272866132283309e-12 1.439884650259013331e-11 1.495765972213676284e-10 9.114153778113785727e-10
3.956285084354494552e-12 1.454389296813213409e-11 1.458871646141840775e-10 8.855718948752086766e-10
3.999901388264551513e-12 1.470902862870662621e-11 1.420881749948462355e-10 8.584284152788978747e-10
4.013220701719850401e-12 1.486050973164862280e-11 1.382403959235784132e-10 8.306093426882848220e-10
3.995895094325527635e-12 1.497047808024415054e-11 1.344250745080733908e-10 8.026398848690526933e-10
3.959859356985716049e-12 1.502505382093018967e-11 1.307239729473509118e-10 7.749407280074484205e-10
3.912712991836839596e-12 1.501309369988940732e-11 1.271922190077434934e-10 7.478675523551499511e-10
3.848682140616705615e-12 1.491975222097806710e-11 1.238671264384896993e-10 7.218029737813902285e-10
3.759354020714923751e-12 1.473803043846738430e-11 1.207955443049916494e-10 6.972198949660948439e-10
3.646516330491164578e-12 1.447738713392821224e-11 1.180308092334242169e-10 6.746250008174810249e-10
3.518242115122719686e-12 1.415136905510258596e-11 1.155991468732722197e-10 6.544257442295447988e-10
3.377573816969936906e-12 1.376205043111756099e-11 1.134820838935860897e-10 6.368516767391701347e-10
3.223979534606903795e-12 1.330671443443839543e-11 1.116315642623802085e-10 6.219656768971715537e-10
3.064592590295235797e-12 1.279723119136934115e-11 1.099840369037918526e-10 6.096771378613830349e-10
2.914911986775481147e-12 1.226214169793389697e-11 1.084551712567313007e-10 5.997103992284355102e-10
2.785951201920663849e-12 1.172899110909009487e-11 1.069464173695471611e-10 5.916029042914084666e-10
2.677280274647076036e-12 1.121446392186879675e-11 1.053848913835811903e-10 5.847958911442997182e-10
