-2.060746882318121903e-06
-2.095476131055555212e-06
-2.130814016247973570e-06
-2.166773021219734765e-06
-2.203365930686957930e-06
-2.240605837928851338e-06
-2.278506153324944345e-06
-2.317080614427095185e-06
-2.356343294056449584e-06
-2.396308610432455989e-06
-2.436991336187078280e-06
-2.478406609977617903e-06
-2.520569945104626975e-06
-2.563497241885666275e-06
-2.607204797329901264e-06
-2.651709317807022687e-06
-2.697027931004119508e-06
-2.743178196895286665e-06
-2.790178122271005258e-06
-2.838046171508275738e-06
-2.886801282702403587e-06
-2.936462880156305309e-06
-2.987050888594691557e-06
-3.038585749603679414e-06
-3.091088435735882757e-06
-3.144580466664257645e-06
-3.199083927851029918e-06
-3.254621483497867586e-06
-3.311216398890438446e-06
-3.368892555740767413e-06
-3.427674472325357594e-06
-3.487587322759773132e-06
-3.548656957764783970e-06
-3.610909925802289621e-06
-3.674373494472533544e-06
-3.739075673611202956e-06
-3.805045238287406306e-06
-3.872311753364163112e-06
-3.940905598950265950e-06
-4.010857995838681404e-06
-4.082201033351095475e-06
-4.154967696500743593e-06
-4.229191896342062744e-06
-4.304908498342964677e-06
-4.382153355588293647e-06
-4.460963339807653790e-06
-4.541376375887802130e-06
-4.623431476753050304e-06
-4.707168779198918006e-06
-4.792629581723593265e-06
-4.879856384730085472e-06
-4.968892929105863082e-06
-5.059784240076684259e-06
-5.152576671197223350e-06
-5.247317948250112762e-06
-5.344057218675621249e-06
-5.442845099139980685e-06
-5.543733727956801659e-06
-5.646776817293981371e-06
-5.752029709948358661e-06
-5.859549435095626041e-06
-5.969394770186537253e-06
-6.081626301716724491e-06
-6.196306491421499065e-06
-6.313499742903024265e-06
-6.433272473076288319e-06
-6.555693184739546608e-06
-6.680832543159665336e-06
-6.808763456021663219e-06
-6.939561155693249276e-06
-7.073303287113335828e-06
-7.210069996645941198e-06
-7.349944026778184378e-06
-7.493010814095262124e-06
-7.639358592062894530e-06
-7.789078498071444080e-06
-7.942264684032628947e-06
-8.099014433683509882e-06
-8.259428284419324261e-06
-8.423610154026594615e-06
-8.591667473368186909e-06
-8.763711325746288488e-06
-8.939856592095984749e-06
-9.120222101576219535e-06
-9.304930792081215579e-06
-9.494109874929637617e-06
-9.687891009293275759e-06
-9.886410484203482122e-06
-1.008980940842005187e-05
-1.029823391078041075e-05
-1.051183534870830991e-05
-1.073077052738751435e-05
-1.095520192892419845e-05
-1.118529795429168370e-05
-1.142123317430372428e-05
-1.166318859537201583e-05
-1.191135193738774758e-05
-1.216591792523285991e-05
-1.242708859554601122e-05
-1.269507361885946022e-05
-1.297009063616238812e-05
-1.325236561684065580e-05
-1.354213323032931281e-05
-1.383963724044074259e-05
-1.414513091737978726e-05
-1.445887747522457246e-05
-1.478115052798725400e-05
-1.511223457329460639e-05
-1.545242550013770831e-05
-1.580203112522277623e-05
-1.616137175744427292e-05
-1.653078079348502491e-05
-1.691060534675858582e-05
-1.730120691059389241e-05
-1.770296205822357685e-05
-1.811626318339032765e-05
-1.854151928117207581e-05
-1.897915677535889540e-05
-1.942962039176234938e-05
-1.989337408247696741e-05
-2.037090200568975125e-05
-2.086270956070941139e-05
-2.136932448558243795e-05
-2.189129802097029568e-05
-2.242920614360541877e-05
-2.298365087321932801e-05
-2.355526166214554786e-05
-2.414469686922254585e-05
-2.475264532365684965e-05
-2.537982799120673796e-05
-2.602699974150870916e-05
-2.669495123063808656e-05
-2.738451090276249321e-05
-2.809654712381262160e-05
-2.883197045262766010e-05
-2.959173606215858288e-05
-3.037684632284075258e-05
-3.118835355653456072e-05
-3.202736297933294815e-05
-3.289503584175282005e-05
-3.379259278827099583e-05
-3.472131744519877110e-05
-3.568256026215345822e-05
-3.667774262191635483e-05
-3.770836124191051552e-05
-3.877599288994573111e-05
-3.988229943868542416e-05
-4.102903328642576317e-05
-4.221804317209944165e-05
-4.345128041774729883e-05
-4.473080563038237255e-05
-4.605879590196283724e-05
-4.743755254540016775e-05
-4.886950940950814267e-05
-5.035724182046060729e-05
-5.190347619543788011e-05
-5.351110038482208753e-05
-5.518317479403551132e-05
-5.692294434700102335e-05
-5.873385134691696960e-05
-6.061954929741284978e-05
-6.258391774011451479e-05
-6.463107815946148591e-05
-6.676541099540394457e-05
-6.899157378753811680e-05
-7.131452044302190535e-05
-7.373952158630583682e-05
-7.627218588788954449e-05
-7.891848219569958054e-05
-8.168476218441177508e-05
-8.457778309459604532e-05
-8.760472993258953381e-05
-9.077323624750726781e-05
-9.409140225476456327e-05
-9.756780864008578278e-05
-1.012115238236533889e-04
-1.050321017776720988e-04
-1.090395666438464118e-04
-1.132443793427758484e-04
-1.176573800940138281e-04
-1.222896991657311506e-04
-1.271526262240952893e-04
-1.322574262406143552e-04
-1.376150869881595984e-04
-1.432359796093555951e-04
-1.491294095337091245e-04
-1.553030301057584355e-04
-1.617620856679087213e-04
-1.685084446104005999e-04
-1.755393761860279944e-04
-1.828460179044812735e-04
-1.904114733315686052e-04
-1.982084733699875057e-04
-2.061965277550549514e-04
-2.143184874992372032e-04
-2.224964327577293156e-04
-2.306267923143506544e-04
-2.385745866566826477e-04
-2.461666588716787609e-04
-2.531837035402945222e-04
-2.593508044535530223e-04
-2.643260225084626534e-04
-2.676863076613324437e-04
-2.689096169401137518e-04
-2.673515845734422604e-04
-2.622143997903408409e-04
-2.525046978973447529e-04
-2.369762495815740382e-04
-2.140520060023192502e-04
-1.817185438986975755e-04
-1.373840256568790172e-04
-7.768827633119228173e-05
1.749684975204261759e-06
1.066654532656395089e-04
2.445881910678147919e-04
4.254143205283091793e-04
6.621519203255718652e-04
9.718785547736355805e-04
1.376962310856454964e-03
1.906603225567965335e-03
2.598760305903352434e-03
3.502538341005955597e-03
4.681118994240488287e-03
6.215332270728112299e-03
8.207976793212315783e-03
1.078900868950470951e-02
1.412172579783007448e-02
1.841007016374311342e-02
2.390714778916758557e-02
3.092500680864887497e-02
3.984560679086463636e-02
5.113273359978290356e-02
6.534434662472206334e-02
8.314446984567970544e-02
1.053132401885633618e-01
1.327530995949534331e-01
1.664883762935108202e-01
2.076547074949710026e-01
2.574740545680699877e-01
3.172107155019029401e-01
3.881041375261294890e-01
4.712759371191772573e-01
5.676117375994660375e-01
6.776233359958285796e-01
8.013028764847699437e-01
9.379870198894459943e-01
1.086253829949888061e+00
1.243876283036406294e+00
1.407852384094000708e+00
1.574522387430593806e+00
1.739769741899709565e+00
1.899286892791034909e+00
2.048873763922349323e+00
2.184729277385179191e+00
2.303696941758177630e+00
2.403434404698264970e+00
2.482491613433236655e+00
2.540298922119517577e+00
2.577080888640601586e+00
2.593720451141323213e+00
2.591600474706837520e+00
2.572446189257723059e+00
2.538185093176288376e+00
2.490833131244087006e+00
2.432409433275101840e+00
2.364877584901623031e+00
2.290109211309480308e+00
2.209864905439993255e+00
2.125787478814444853e+00
2.039402707319098784e+00
1.952123104720505653e+00
1.865250910728388112e+00
1.779977536373569258e+00
1.697378108215508163e+00
1.618401261624093701e+00
1.543855647801204656e+00
1.474395490250564045e+00
1.410507838252062163e+00
1.352503940418225969e+00
1.300516519032513862e+00
1.254503829689274541e+00
1.214260420536295237e+00
1.179433644033263784e+00
1.149544391557645318e+00
1.124010338968862266e+00
1.102170233801591737e+00
1.083308315379343689e+00
1.066678611987394332e+00
1.051529329039350147e+00
1.037127610930171695e+00
1.022784564175399424e+00
1.007879703382320358e+00
9.918832114999796001e-01
9.743739220586821181e-01
9.550509748283698697e-01
9.337377219134118667e-01
9.103775159315463661e-01
8.850221978899038833e-01
8.578150920556065762e-01
8.289708678142454490e-01
7.987546621705255978e-01
7.674624517122773382e-01
7.354040072092892233e-01
7.028890692364460069e-01
6.702168117603638509e-01
6.376682885641564713e-01
6.055013787459067043e-01
5.739477071853851253e-01
5.432110491050086143e-01
5.134667881139740597e-01
4.848620643350073922e-01
4.575163221030656979e-01
4.315220491583745543e-01
4.069455898822646467e-01
3.838280047148471263e-01
3.621860230648221157e-01
3.420131860346619646e-01
3.232812920245892174e-01
3.059422430384867164e-01
2.899303476150563719e-01
2.751650764092944956e-01
2.615541995674308118e-01
2.489971738530349366e-01
2.373886048396092741e-01
2.266215955041237795e-01
2.165908110735897119e-01
2.071951361412729120e-01
1.983398608503965377e-01
1.899383910701193667e-01
1.819135175372760815e-01
1.741982930120863360e-01
1.667365569415498738e-01
1.594831250182366655e-01
1.524036411459968321e-01
1.454740838941191994e-01
1.386799334204543432e-01
1.320150342516082931e-01
1.254802239944229070e-01
1.190818259944401297e-01
1.128301161058805763e-01
1.067378669921986295e-01
1.008190508477533470e-01
9.508775036319727647e-02
8.955729635464092231e-02
8.423962509044430336e-02
7.914483200734880042e-02
7.428089100119690535e-02
6.965350753551093066e-02
6.526607658175878623e-02
6.111972057634966482e-02
5.721338683592120528e-02
5.354398776737730181e-02
5.010657075389532422e-02
4.689450787616072230e-02
4.389969860023615333e-02
4.111278106457567916e-02
3.852334943023480451e-02
3.612017577794464362e-02
3.389143520171562785e-02
3.182493213062506654e-02
2.990832469511454580e-02
2.812934245138863296e-02
2.647599140429952869e-02
2.493673948100174481e-02
2.350067577642249439e-02
2.215763816716725954e-02
2.089830611389859386e-02
1.971425819444657876e-02
1.859799652620509891e-02
1.754294218982608775e-02
1.654340673614439899e-02
1.559454485483637888e-02
1.469229261038636040e-02
1.383329476016015996e-02
1.301482397261434498e-02
1.223469448504952740e-02
1.149117286258054434e-02
1.078288883484877086e-02
1.010874941335811530e-02
9.467859403982183120e-03
8.859450939048196458e-03
8.282823828180619491e-03
7.737297540359718527e-03
7.222174684251340092e-03
6.736715109928670224e-03
6.280119290212082470e-03
5.851519447301024683e-03
5.449976906113758283e-03
5.074484295354645021e-03
4.723971406401938564e-03
4.397313709916257640e-03
4.093342698246932310e-03
3.810857364369474223e-03
3.548636249861454421e-03
3.305449601026474917e-03
3.080071267119590533e-03
2.871290058001981123e-03
2.677920348646770175e-03
2.498811772061007228e-03
2.332857878616624147e-03
2.179003659306709157e-03
2.036251837680090430e-03
1.903667838689350337e-03
1.780383352882596157e-03
1.665598440393610590e-03
1.558582165313382754e-03
1.458671814021384296e-03
1.365270821180117637e-03
1.277845590521913812e-03
1.195921441595930793e-03
1.119077930820439829e-03
1.046943785449163875e-03
9.791916594487147345e-04
9.155328813285131418e-04
8.557123261851255769e-04
7.995035142878156951e-04
7.467040182129193980e-04
6.971312470861741432e-04
6.506186651995950025e-04
6.070124887180907173e-04
5.661688863075489773e-04
5.279516879321611341e-04
4.922305835507270223e-04
4.588797734180069207e-04
4.277770169758890722e-04
3.988030192349093840e-04
3.718410918241788822e-04
3.467770290650454452e-04
3.234991456790641765e-04
3.018984301476230754e-04
2.818687751776650647e-04
2.633072533983271744e-04
2.461144121619522683e-04
2.301945662882347006e-04
2.154560718672080856e-04
2.018115681487199476e-04
1.891781780693488140e-04
1.774776611902043619e-04
1.666365155863795070e-04
1.565860275470773932e-04
1.472622696783657122e-04
1.386060492310636912e-04
1.305628093401728709e-04
1.230824865425834557e-04
1.161193286299377604e-04
1.096316777132478470e-04
1.035817243077847666e-04
9.793523916259764780e-05
9.266129025342539276e-05
8.773195260283891354e-05
8.312201835791025221e-05
7.880871375202934436e-05
7.477142843133625840e-05
7.099146129970119491e-05
6.745178574140203915e-05
6.413683596753172694e-05
6.103231535612776168e-05
5.812502701140528899e-05
5.540272625319317271e-05
5.285399434754777865e-05
5.046813235462799523e-05
4.823507364182785996e-05
4.614531324412649878e-05
4.418985201232322881e-05
4.236015335424236466e-05
4.064811036531811581e-05
3.904602123206101617e-05
3.754657099727367670e-05
3.614281801489736969e-05
3.482818367952430100e-05
3.359644425910254312e-05
3.244172391511211689e-05
3.135848815089858942e-05
3.034153713932993213e-05
2.938599850151082092e-05
2.848731925212281887e-05
2.764125672052679655e-05
2.684386838173881447e-05
2.609150058759645486e-05
2.538077627428191656e-05
2.470858175755315979e-05
2.407205277671342546e-05
2.346855994806291257e-05
2.289569381999355074e-05
2.235124969782844369e-05
2.183321243555684277e-05
2.133974136754143345e-05
2.086915555508632520e-05
2.041991952082552214e-05
1.999062962153508115e-05
1.958000118002110656e-05
1.918685649575602127e-05
1.881011379271993117e-05
1.844877714115540372e-05
1.810192736793016089e-05
1.776871392298906525e-05
1.744834768407766112e-05
1.714009461565420088e-05
1.684327025991729090e-05
1.655723494685732607e-05
