4.405135903292315178e-06
4.512648000442939207e-06
4.624231976824939440e-06
4.740127472627158722e-06
4.860591585776368339e-06
4.985900648042996034e-06
5.116352266465368483e-06
5.252267660239886178e-06
5.393994316493374319e-06
5.541908999750231872e-06
5.696421133297442082e-06
5.857976576109446202e-06
6.027061806264846886e-06
6.204208512529009552e-06
6.389998593756286175e-06
6.585069542191445232e-06
6.790120189217468801e-06
7.005916775806302195e-06
7.233299309366910731e-06
7.473188153903512669e-06
7.726590811009163707e-06
7.994608829082465671e-06
8.278444789202755931e-06
8.579409304589680882e-06
8.898927976626043205e-06
9.238548249095927903e-06
9.599946114451068309e-06
9.984932634633381917e-06
1.039546026634314692e-05
1.083362899804568162e-05
1.130169234785356190e-05
1.180206330393414311e-05
1.233732034216140966e-05
1.291021370202116356e-05
1.352367218136563151e-05
1.418081077277272734e-05
1.488493957146668219e-05
1.563957448150665722e-05
1.644845036205814487e-05
1.731553736504781033e-05
1.824506132183442635e-05
1.924152909776342943e-05
2.030975988399928901e-05
2.145492336447968643e-05
2.268258567537228212e-05
2.399876395685999488e-05
2.540999021998958268e-05
2.692338511449927723e-05
2.854674205297507412e-05
3.028862197341696550e-05
3.215845878285880275e-05
3.416667519014320720e-05
3.632480820278628439e-05
3.864564302837747304e-05
4.114335355615252385e-05
4.383364706798334730e-05
4.673391040989960984e-05
4.986335462970500313e-05
5.324315504921837641e-05
5.689658386961415464e-05
6.084913264220451136e-05
6.512862218723171207e-05
6.976529778047907437e-05
7.479190760695962256e-05
8.024376269200693261e-05
8.615877680270733383e-05
9.257748526310907884e-05
9.954304231167375580e-05
1.071011975733712003e-04
1.153002534136134144e-04
1.241910063637339254e-04
1.338266774358668452e-04
1.442628380049768076e-04
1.555573400351625043e-04
1.677702619137017470e-04
1.809638840799617128e-04
1.952027120844830458e-04
2.105535686432731361e-04
2.270857803317980915e-04
2.448714883238320753e-04
2.639861151473250141e-04
2.845090199452466901e-04
3.065243724251913481e-04
3.301222702874100968e-04
3.554001168692542023e-04
3.824642661486871305e-04
4.114319325891916605e-04
4.424333548448358038e-04
4.756141954509294383e-04
5.111381524475750284e-04
5.491897514532863723e-04
5.899772757834230007e-04
6.337357763429047469e-04
6.807300827889193251e-04
7.312577158030892418e-04
7.856515820975918654e-04
8.442823242856585661e-04
9.075602007657812423e-04
9.759363869834778707e-04
1.049903615922543687e-03
1.129996106796451105e-03
1.216788760159525501e-03
1.310895620043527445e-03
1.412967617327504002e-03
1.523689614918750631e-03
1.643776778610521981e-03
1.773970302772107446e-03
1.915032531666194466e-03
2.067741537872092462e-03
2.232885249866915778e-03
2.411255260871191138e-03
2.603640499677579642e-03
2.810821000795744786e-03
3.033562076370849812e-03
3.272609268083177727e-03
3.528684547080679617e-03
3.802484336983360993e-03
4.094680057833768871e-03
4.405922016320588594e-03
4.736847573682450262e-03
5.088094566168585575e-03
5.460320884838598503e-03
5.854230901329174688e-03
6.270609042719527473e-03
6.710360306375909301e-03
7.174556946990284269e-03
7.664490073721920427e-03
8.181724566173748103e-03
8.728155600277747242e-03
9.306065131169138568e-03
9.918176790779128713e-03
1.056770766608237933e-02
1.125841520533850913e-02
1.199463703289326867e-02
1.278132085523828176e-02
1.362404114486867948e-02
1.452899916303636817e-02
1.550300332487719243e-02
1.655342795500392566e-02
1.768814996816999580e-02
1.891546462747525567e-02
2.024398292499303073e-02
2.168251401362013969e-02
2.323993637137235224e-02
2.492506105874335576e-02
2.674648973398047191e-02
2.871246928120363764e-02
3.083074423413530857e-02
3.310840784346926607e-02
3.555175277216916785e-02
3.816612307745871624e-02
4.095577035102638402e-02
4.392371857588502765e-02
4.707164431527025711e-02
5.039978118677649471e-02
5.390686017968918109e-02
5.759010030908180006e-02
6.144526738704753771e-02
6.546682205296773527e-02
6.964818078243548150e-02
7.398211383047942347e-02
7.846129996323703004e-02
8.307904767905711918e-02
8.783017598839194806e-02
9.271202643511801400e-02
9.772555595722787203e-02
1.028764429335836672e-01
1.081761315196447526e-01
1.136427447631461612e-01
1.193018135034941279e-01
1.251867899975209475e-01
1.313393345045547889e-01
1.378093724414251320e-01
1.446549160142925894e-01
1.519416302337547042e-01
1.597421070435965096e-01
1.681348033235514905e-01
1.772026070588909874e-01
1.870310234808723049e-01
1.977060146964138010e-01
2.093115717535018461e-01
2.219271348301778413e-01
2.356249953243917949e-01
2.504678085747539251e-01
2.665063194596865026e-01
2.837773616733169635e-01
3.023021439253461562e-01
3.220847918840537005e-01
3.431110818424835673e-01
3.653472879666218587e-01
3.887390745357281463e-01
4.132103991696225997e-01
4.386624491570091378e-01
4.649727026178740452e-01
4.919942795998974439e-01
5.195558182683072124e-01
5.474621768114510401e-01
5.754963252813550811e-01
6.034228521659836808e-01
6.309935519748495203e-01
6.579555446111816641e-01
6.840622504604639831e-01
7.090872575544883150e-01
7.328406566478918860e-01
7.551868402573050920e-01
7.760621895692823013e-01
7.954906824309110336e-01
8.135954094804754844e-01
8.306043668227960364e-01
8.468496546732202646e-01
8.627601692266074762e-01
8.788487642214994899e-01
8.956954250053641431e-01
9.139280963272334857e-01
9.342024591780764275e-01
9.571813461719993477e-01
9.835138901227882258e-01
1.013814164435819176e+00
1.048639124238416098e+00
1.088466057757847105e+00
1.133670334644118149e+00
1.184504758475290354e+00
1.241082092618334576e+00
1.303362224986621021e+00
1.371144972387069672e+00
1.444068790805307367e+00
1.521614794429319240e+00
1.603114652905134774e+00
1.687760298216820720e+00
1.774613088821770823e+00
1.862610274576590896e+00
1.950567325176540967e+00
2.037175844703983163e+00
2.120998184544997667e+00
2.200461212763022978e+00
2.273852778918713735e+00
2.339325160094662071e+00
2.394910272077460434e+00
2.438551787734874576e+00
2.468159438231900538e+00
2.481690242118140155e+00
2.477259464911535147e+00
2.453280032948685463e+00
2.408622731914236592e+00
2.342781648077162160e+00
2.256021916663587756e+00
2.149482571864286928e+00
2.025208564951227697e+00
1.886093964821661029e+00
1.735732099262362604e+00
1.578185025649734063e+00
1.417700088100953604e+00
1.258411368579175793e+00
1.104065962677244217e+00
9.578088817168181057e-01
8.220479716954609550e-01
6.984050371970806914e-01
5.877451680366200248e-01
4.902660492486574650e-01
4.056242078845898602e-01
3.330755007730528683e-01
2.716112710165570210e-01
2.200775908963033545e-01
1.772711082294043117e-01
1.420100257787258180e-01
1.131821454842048269e-01
8.977372901612440392e-02
7.088351197088844924e-02
5.572600516833491752e-02
4.362761199872256662e-02
3.401835627442815341e-02
2.642130475149636823e-02
2.044115264940016621e-02
1.575294109075013951e-02
1.209149133749394533e-02
9.241861060950460477e-03
7.030937136807378050e-03
5.320159780274373411e-03
3.999305932526815190e-03
2.981228848944225077e-03
2.197442015876854490e-03
1.594438731110177278e-03
1.130647317452247681e-03
7.739321569463104020e-04
4.995606073306289516e-04
2.885646693453364784e-04
1.264339863833233147e-04
2.083689933723735722e-06
-9.295285424577698059e-05
-1.651499123298819571e-04
-2.194709777566553012e-04
-2.597369830154463814e-04
-2.889062066295165179e-04
-3.092858260471789732e-04
-3.226907862535984581e-04
-3.305622479391874752e-04
-3.340552504276083777e-04
-3.341032035584996286e-04
-3.314652302157609768e-04
-3.267610755727200765e-04
-3.204971951860311743e-04
-3.130866967820952556e-04
-3.048650344723729025e-04
-2.961027414440923393e-04
-2.870160328258148383e-04
-2.777757969918591896e-04
-2.685152937911519828e-04
-2.593367612250337844e-04
-2.503170694588746962e-04
-2.415125303392041533e-04
-2.329629563786794538e-04
-2.246950562117134415e-04
-2.167252488862529117e-04
-2.090619748052407014e-04
-2.017075758549102501e-04
-1.946598111432546092e-04
-1.879130680109351284e-04
-1.814593208842241385e-04
-1.752888834661969612e-04
-1.693909930150238902e-04
-1.637542592389020239e-04
-1.583670048062343189e-04
-1.532175196691902010e-04
-1.482942473034128421e-04
-1.435859175568538219e-04
-1.390816379653027834e-04
-1.347709530865373031e-04
-1.306438794931978360e-04
-1.266909225351018806e-04
-1.229030796983244904e-04
-1.192718343481509837e-04
-1.157891427894412127e-04
-1.124474168792352499e-04
-1.092395038713782986e-04
-1.061586647236643184e-04
-1.031985517663544456e-04
-1.003531863643978379e-04
-9.761693701376720426e-05
-9.498449816496264760e-05
-9.245086996548338440e-05
-9.001133902653278866e-05
-8.766146027182549502e-05
-8.539703987308273653e-05
-8.321411926193011792e-05
-8.110896017724061023e-05
-7.907803070548384116e-05
-7.711799225508433192e-05
-7.522568741494394949e-05
-7.339812863575571108e-05
-7.163248768378749939e-05
-6.992608581039540467e-05
-6.827638459253480212e-05
-6.668097739433544776e-05
-6.513758140527651282e-05
-6.364403021581172101e-05
-6.219826689246069041e-05
-6.079833751510669323e-05
-5.944238514346039573e-05
-5.812864418376853260e-05
-5.685543512582576876e-05
-5.562115962286803914e-05
-5.442429589263701782e-05
-5.326339441287611273e-05
-5.213707389661645901e-05
-5.104401751770285212e-05
-4.998296937935978640e-05
-4.895273120181520965e-05
-4.795215921772933722e-05
-4.698016125560294023e-05
-4.603569400622048186e-05
-4.511776045366754057e-05
-4.422540745752484402e-05
-4.335772348732374628e-05
-4.251383648370052055e-05
-4.169291185129659803e-05
-4.089415056423584147e-05
-4.011678738576084021e-05
-3.936008918797337483e-05
-3.862335336703869346e-05
-3.790590634954082625e-05
-3.720710218226935774e-05
-3.652632120070717451e-05
-3.586296876971954521e-05
-3.521647409751332592e-05
-3.458628910948315663e-05
-3.397188738675387175e-05
-3.337276315777055785e-05
-3.278843034904993942e-05
-3.221842168182505997e-05
-3.166228781699649607e-05
-3.111959654685145205e-05
-3.058993202626454438e-05
-3.007289404405649592e-05
-2.956809733303224086e-05
-2.907517091351726157e-05
-2.859375747013926728e-05
-2.812351275961854960e-05
-2.766410504962644605e-05
-2.721521458389904668e-05
-2.677653307383780727e-05
-2.634776321477458975e-05
-2.592861822511891809e-05
-2.551882140995105240e-05
-2.511810574424940185e-05
-2.472621347312757900e-05
-2.434289573520030529e-05
-2.396791220172282848e-05
-2.360103073240959798e-05
-2.324202704761612918e-05
-2.289068441430003396e-05
-2.254679334899923785e-05
-2.221015133178829305e-05
-2.188056253447133998e-05
-2.155783755995188892e-05
-2.124179319534740849e-05
-2.093225217264045774e-05
-2.062904294351896841e-05
-2.033199946063159568e-05
-2.004096097216507099e-05
-1.975577182283611499e-05
-1.947628126135157869e-05
-1.920234326345169712e-05
-1.893381635191410060e-05
-1.867056343488396331e-05
-1.841245164379733194e-05
-1.815935218066208490e-05
-1.791114017172259581e-05
-1.766769452612161032e-05
-1.742889780176221453e-05
-1.719463607600751369e-05
-1.696479882146390093e-05
-1.673927878738970228e-05
-1.651797188359949248e-05
-1.630077707421933613e-05
-1.608759626989943956e-05
-1.587833422672504447e-05
-1.567289845000986327e-05
-1.547119910041476907e-05
-1.527314890531267902e-05
-1.507866307110125911e-05
-1.488765920065317676e-05
-1.470005721521517389e-05
-1.451577927580344664e-05
-1.433474970941773628e-05
-1.415689494032181556e-05
-1.398214341924615920e-05
-1.381042555943581964e-05
-1.364167367148125879e-05
-1.347582190481618618e-05
-1.331280618715465926e-05
-1.315256416829816207e-05
-1.299503516705596037e-05
-1.284016011693545309e-05
-1.268788151624924661e-05
-1.253814337846110090e-05
-1.239089118737880471e-05
-1.224607184964950847e-05
-1.210363365275261263e-05
-1.196352622045211795e-05
-1.182570047526499028e-05
-1.169010859595634598e-05
-1.155670398102307548e-05
-1.142544121319902925e-05
-1.129627602267434686e-05
-1.116916525279557092e-05
-1.104406682748692187e-05
-1.092093972099698658e-05
-1.079974392448514554e-05
-1.068044041718969792e-05
-1.056299113808711158e-05
-1.044735895841183643e-05
-1.033350765462448802e-05
-1.022140188247941210e-05
-1.011100715061417358e-05
-1.000228979594481811e-05
-9.895216967329481381e-06
-9.789756588946360610e-06
-9.685877353476368148e-06
-9.583548689026493212e-06
-9.482740745139851664e-06
-9.383424372072667508e-06
-9.285571098760103290e-06
-9.189153114746631597e-06
-9.094143257172991650e-06
-9.000514984563101349e-06
-8.908242367452591466e-06
-8.817300067812659271e-06
-8.727663322978765239e-06
-8.639307934760752269e-06
-8.552210248223569212e-06
-8.466347141985003131e-06
-8.381696009445534215e-06
-8.298234751861151268e-06
-8.215941758537961259e-06
-8.134795897761860678e-06
-8.054776501401484021e-06
-7.975863359151625582e-06
-7.898036695809229274e-06
-7.821277173648428360e-06
-7.745565868023286066e-06
